0 0 0.0823
0 1 0.0693
0 2 0.0673
0 3 0.061
0 4 0.0532
0 5 0.0365
0 6 0.0353
0 7 0.0274
0 8 0.0257
0 9 0.0246
0 10 0.0232
0 11 0.0224
0 12 0.0221
0 13 0.0216
0 14 0.0212
0 15 0.0196
0 16 0.0196
0 17 0.0173
0 18 0.0161
0 19 0.0159
0 20 0.0157
0 21 0.0155
0 22 0.0153
0 23 0.0151
0 24 0.0142
0 25 0.0141
0 26 0.0126
0 27 0.0126
0 28 0.0118
0 29 0.0117
0 30 0.0115
0 31 0.0111
0 32 0.0106
0 33 0.0103
0 34 0.0097
0 35 0.0094
0 36 0.0092
0 37 0.0092
0 38 0.009
0 39 0.0087
0 40 0.0085
0 41 0.0084
0 42 0.0083
0 43 0.0081
0 44 0.0081
0 45 0.008
0 46 0.0079
0 47 0.0079
0 48 0.0079
0 49 0.0078
1 50 0.6427
1 51 0.0323
1 52 0.024
1 53 0.021
1 54 0.0197
1 55 0.0173
1 56 0.0131
1 57 0.0115
1 58 0.0105
1 59 0.0105
1 60 0.0103
1 61 0.0094
1 62 0.0091
1 63 0.0081
1 64 0.008
1 65 0.0075
1 66 0.0074
1 67 0.0069
1 68 0.0069
1 69 0.0061
1 70 0.0054
1 71 0.0053
1 72 0.0051
1 73 0.0048
1 74 0.0048
1 75 0.0046
1 76 0.0043
1 77 0.0043
1 78 0.0042
1 79 0.0041
1 80 0.0041
1 81 0.004
1 82 0.004
1 83 0.0038
1 84 0.0038
1 85 0.0037
1 86 0.0037
1 87 0.0035
1 88 0.0035
1 89 0.0035
1 90 0.0034
1 91 0.0034
1 92 0.0034
1 93 0.0034
1 94 0.0033
1 95 0.0033
1 96 0.0033
1 97 0.0032
1 98 0.0032
1 99 0.0032
2 0 0.0085
2 2 0.0255
2 13 0.0156
2 14 0.0112
2 19 0.0144
2 21 0.185
2 26 0.0147
2 100 0.0671
2 101 0.0449
2 102 0.0335
2 103 0.0307
2 104 0.0289
2 105 0.0276
2 106 0.0272
2 107 0.0271
2 108 0.0269
2 109 0.0264
2 110 0.0235
2 111 0.0195
2 112 0.0173
2 113 0.0169
2 114 0.0166
2 115 0.0165
2 116 0.0151
2 117 0.015
2 118 0.0143
2 119 0.0136
2 120 0.0133
2 121 0.0115
2 122 0.0108
2 123 0.0107
2 124 0.0106
2 125 0.0105
2 126 0.0105
2 127 0.0104
2 128 0.0098
2 129 0.0095
2 130 0.0095
2 131 0.0094
2 132 0.0094
2 133 0.0092
2 134 0.0089
2 135 0.0088
2 136 0.0083
2 137 0.0082
2 138 0.0078
2 139 0.0077
2 140 0.0075
2 141 0.0073
2 142 0.0072
3 2 0.0138
3 103 0.0672
3 122 0.0183
3 131 0.0169
3 139 0.0628
3 143 0.059
3 144 0.0511
3 145 0.0471
3 146 0.0343
3 147 0.0343
3 148 0.0284
3 149 0.0256
3 150 0.0231
3 151 0.0226
3 152 0.0218
3 153 0.0215
3 154 0.0209
3 155 0.0201
3 156 0.0197
3 157 0.0194
3 158 0.0192
3 159 0.0174
3 160 0.0169
3 161 0.016
3 162 0.0159
3 163 0.0157
3 164 0.0149
3 165 0.0146
3 166 0.0141
3 167 0.014
3 168 0.0135
3 169 0.0129
3 170 0.0122
3 171 0.0122
3 172 0.0113
3 173 0.0109
3 174 0.0108
3 175 0.0106
3 176 0.0105
3 177 0.0105
3 178 0.0105
3 179 0.0104
3 180 0.0102
3 181 0.0101
3 182 0.0099
3 183 0.0098
3 184 0.0098
3 185 0.0097
3 186 0.009
3 187 0.0087
4 26 0.0158
4 188 0.0406
4 189 0.0406
4 190 0.0396
4 191 0.0366
4 192 0.0336
4 193 0.0326
4 194 0.0307
4 195 0.0307
4 196 0.0267
4 197 0.0257
4 198 0.0237
4 199 0.0237
4 200 0.0237
4 201 0.0237
4 202 0.0227
4 203 0.0198
4 204 0.0198
4 205 0.0188
4 206 0.0178
4 207 0.0178
4 208 0.0178
4 209 0.0178
4 210 0.0178
4 211 0.0168
4 212 0.0168
4 213 0.0168
4 214 0.0168
4 215 0.0158
4 216 0.0158
4 217 0.0158
4 218 0.0158
4 219 0.0158
4 220 0.0148
4 221 0.0148
4 222 0.0148
4 223 0.0148
4 224 0.0138
4 225 0.0138
4 226 0.0138
4 227 0.0138
4 228 0.0138
4 229 0.0138
4 230 0.0138
4 231 0.0138
4 232 0.0138
4 233 0.0129
4 234 0.0129
4 235 0.0129
4 236 0.0129
5 4 0.0233
5 16 0.0188
5 38 0.0432
5 206 0.0383
5 237 0.324
5 238 0.0821
5 239 0.0463
5 240 0.0397
5 241 0.031
5 242 0.03
5 243 0.024
5 244 0.0211
5 245 0.0174
5 246 0.0136
5 247 0.0133
5 248 0.0131
5 249 0.0129
5 250 0.0115
5 251 0.011
5 252 0.0105
5 253 0.0097
5 254 0.0086
5 255 0.0086
5 256 0.0086
5 257 0.008
5 258 0.0076
5 259 0.0071
5 260 0.0071
5 261 0.0068
5 262 0.0066
5 263 0.0064
5 264 0.0062
5 265 0.006
5 266 0.0057
5 267 0.0056
5 268 0.0055
5 269 0.0053
5 270 0.005
5 271 0.0049
5 272 0.0048
5 273 0.0045
5 274 0.0044
5 275 0.0044
5 276 0.0043
5 277 0.0042
5 278 0.0039
5 279 0.0039
5 280 0.0038
5 281 0.0038
5 282 0.0037
6 20 0.005
6 38 0.0254
6 46 0.0098
6 200 0.0065
6 206 0.0132
6 214 0.016
6 237 0.0118
6 238 0.0622
6 240 0.0111
6 241 0.0216
6 244 0.0393
6 245 0.0286
6 247 0.0169
6 249 0.0096
6 251 0.0119
6 260 0.0097
6 272 0.0159
6 283 0.1734
6 284 0.066
6 285 0.0478
6 286 0.0388
6 287 0.0265
6 288 0.0226
6 289 0.0221
6 290 0.0219
6 291 0.0208
6 292 0.0162
6 293 0.0152
6 294 0.0145
6 295 0.0143
6 296 0.0139
6 297 0.0139
6 298 0.0136
6 299 0.0136
6 300 0.0126
6 301 0.0115
6 302 0.011
6 303 0.0107
6 304 0.01
6 305 0.0096
6 306 0.0095
6 307 0.0077
6 308 0.0076
6 309 0.0071
6 310 0.007
6 311 0.0063
6 312 0.0051
6 313 0.0049
6 314 0.0049
6 315 0.0048
7 316 0.0229
7 317 0.0936
7 318 0.0564
7 319 0.0452
7 320 0.0435
7 321 0.0431
7 322 0.0418
7 323 0.0285
7 324 0.0277
7 325 0.0246
7 326 0.0246
7 327 0.0238
7 328 0.023
7 329 0.0218
7 330 0.0217
7 331 0.0217
7 332 0.0208
7 333 0.0204
7 334 0.0199
7 335 0.0182
7 336 0.0182
7 337 0.0168
7 338 0.0161
7 339 0.0157
7 340 0.0149
7 341 0.0143
7 342 0.0142
7 343 0.0139
7 344 0.0135
7 345 0.0125
7 346 0.012
7 347 0.012
7 348 0.012
7 349 0.0114
7 350 0.0113
7 351 0.0113
7 352 0.0109
7 353 0.0107
7 354 0.0107
7 355 0.0104
7 356 0.0102
7 357 0.0097
7 358 0.0097
7 359 0.0095
7 360 0.0094
7 361 0.0093
7 362 0.0092
7 363 0.0091
7 364 0.0089
7 365 0.0089
8 103 0.0062
8 108 0.0079
8 145 0.0399
8 148 0.0486
8 149 0.0107
8 157 0.0109
8 166 0.0267
8 168 0.0066
8 174 0.0455
8 177 0.0098
8 178 0.0348
8 366 0.1098
8 367 0.0555
8 368 0.037
8 369 0.0361
8 370 0.0359
8 371 0.0335
8 372 0.0308
8 373 0.0296
8 374 0.0279
8 375 0.0256
8 376 0.0211
8 377 0.0204
8 378 0.0203
8 379 0.0201
8 380 0.0196
8 381 0.0191
8 382 0.0185
8 383 0.0169
8 384 0.016
8 385 0.0129
8 386 0.0111
8 387 0.011
8 388 0.0108
8 389 0.0102
8 390 0.0087
8 391 0.0083
8 392 0.0082
8 393 0.008
8 394 0.0073
8 395 0.0072
8 396 0.007
8 397 0.0066
8 398 0.0062
8 399 0.0062
8 400 0.0061
8 401 0.0059
8 402 0.0058
8 403 0.0056
8 404 0.0055
9 16 0.0053
9 38 0.0788
9 106 0.0235
9 179 0.0077
9 183 0.0086
9 237 0.0175
9 238 0.0897
9 241 0.0129
9 243 0.0062
9 244 0.0121
9 249 0.0081
9 250 0.0071
9 253 0.024
9 255 0.0058
9 274 0.0069
9 276 0.0079
9 278 0.0129
9 293 0.0057
9 298 0.0079
9 405 0.1029
9 406 0.0455
9 407 0.0417
9 408 0.0398
9 409 0.0365
9 410 0.0357
9 411 0.0349
9 412 0.0307
9 413 0.0288
9 414 0.026
9 415 0.0234
9 416 0.0223
9 417 0.0185
9 418 0.0168
9 419 0.0129
9 420 0.0128
9 421 0.0125
9 422 0.012
9 423 0.0103
9 424 0.0099
9 425 0.0099
9 426 0.0079
9 427 0.0078
9 428 0.0077
9 429 0.0075
9 430 0.0073
9 431 0.0068
9 432 0.0058
9 433 0.0058
9 434 0.0057
9 435 0.0055
10 21 0.0084
10 138 0.0116
10 140 0.0166
10 179 0.0082
10 237 0.012
10 249 0.0042
10 282 0.0935
10 293 0.0214
10 327 0.2331
10 328 0.1234
10 355 0.004
10 357 0.0062
10 416 0.0058
10 436 0.0941
10 437 0.0307
10 438 0.029
10 439 0.0289
10 440 0.0177
10 441 0.015
10 442 0.0149
10 443 0.0146
10 444 0.0142
10 445 0.0138
10 446 0.0133
10 447 0.0126
10 448 0.0122
10 449 0.012
10 450 0.0096
10 451 0.0093
10 452 0.009
10 453 0.0067
10 454 0.0064
10 455 0.0062
10 456 0.0062
10 457 0.006
10 458 0.0058
10 459 0.0056
10 460 0.0052
10 461 0.005
10 462 0.0049
10 463 0.0049
10 464 0.0048
10 465 0.0048
10 466 0.0046
10 467 0.0046
10 468 0.0039
10 469 0.0038
10 470 0.0037
10 471 0.0037
10 472 0.0036
11 4 0.0014
11 16 0.0021
11 38 0.9421
11 122 0.0014
11 177 0.0014
11 241 0.0009
11 244 0.0005
11 247 0.0038
11 248 0.0009
11 249 0.0005
11 251 0.0021
11 259 0.004
11 265 0.0009
11 267 0.0005
11 274 0.0007
11 277 0.0028
11 282 0.009
11 293 0.0005
11 298 0.0007
11 301 0.0005
11 328 0.0005
11 411 0.0007
11 416 0.0009
11 448 0.0014
11 473 0.0024
11 474 0.0019
11 475 0.0014
11 476 0.0014
11 477 0.0009
11 478 0.0009
11 479 0.0007
11 480 0.0007
11 481 0.0007
11 482 0.0007
11 483 0.0005
11 484 0.0005
11 485 0.0005
11 486 0.0005
11 487 0.0005
11 488 0.0005
11 489 0.0005
11 490 0.0005
11 491 0.0005
11 492 0.0005
11 493 0.0005
11 494 0.0005
11 495 0.0005
11 496 0.0005
11 497 0.0005
11 498 0.0005
12 499 0.0363
12 500 0.0262
12 501 0.0245
12 502 0.0245
12 503 0.0243
12 504 0.024
12 505 0.024
12 506 0.0234
12 507 0.0233
12 508 0.0223
12 509 0.0221
12 510 0.0221
12 511 0.0209
12 512 0.0205
12 513 0.0204
12 514 0.0195
12 515 0.0194
12 516 0.0193
12 517 0.0193
12 518 0.0192
12 519 0.0189
12 520 0.0189
12 521 0.0189
12 522 0.0188
12 523 0.0188
12 524 0.0187
12 525 0.0187
12 526 0.0186
12 527 0.0186
12 528 0.0184
12 529 0.0183
12 530 0.0183
12 531 0.0183
12 532 0.0183
12 533 0.0182
12 534 0.0182
12 535 0.0182
12 536 0.0181
12 537 0.0179
12 538 0.0178
12 539 0.0178
12 540 0.0178
12 541 0.0176
12 542 0.0176
12 543 0.0176
12 544 0.0176
12 545 0.0175
12 546 0.0174
12 547 0.0173
12 548 0.0173
13 18 0.0122
13 103 0.0378
13 108 0.015
13 146 0.0302
13 152 0.0177
13 154 0.024
13 161 0.0122
13 164 0.0127
13 167 0.0124
13 171 0.0118
13 176 0.0376
13 182 0.0234
13 215 0.0124
13 379 0.0184
13 461 0.0373
13 549 0.0574
13 550 0.042
13 551 0.028
13 552 0.0275
13 553 0.0244
13 554 0.0244
13 555 0.0237
13 556 0.0235
13 557 0.0223
13 558 0.0207
13 559 0.0205
13 560 0.0203
13 561 0.0203
13 562 0.0191
13 563 0.0188
13 564 0.0177
13 565 0.0176
13 566 0.0174
13 567 0.0172
13 568 0.0171
13 569 0.017
13 570 0.0165
13 571 0.0154
13 572 0.0152
13 573 0.0149
13 574 0.0148
13 575 0.014
13 576 0.0131
13 577 0.013
13 578 0.0128
13 579 0.0126
13 580 0.0116
13 581 0.0114
13 582 0.0114
13 583 0.0112
14 38 0.0602
14 110 0.0326
14 295 0.0187
14 336 0.0109
14 482 0.0178
14 584 0.063
14 585 0.0532
14 586 0.0438
14 587 0.0356
14 588 0.0345
14 589 0.0324
14 590 0.0278
14 591 0.0277
14 592 0.0276
14 593 0.026
14 594 0.026
14 595 0.0221
14 596 0.0218
14 597 0.0218
14 598 0.0207
14 599 0.0182
14 600 0.0178
14 601 0.0177
14 602 0.0164
14 603 0.0162
14 604 0.0154
14 605 0.0154
14 606 0.0152
14 607 0.0148
14 608 0.0138
14 609 0.0135
14 610 0.0123
14 611 0.0118
14 612 0.0118
14 613 0.0117
14 614 0.0109
14 615 0.0106
14 616 0.0106
14 617 0.0105
14 618 0.0104
14 619 0.0104
14 620 0.0104
14 621 0.0102
14 622 0.0102
14 623 0.0101
14 624 0.01
14 625 0.01
14 626 0.0099
14 627 0.0099
14 628 0.0097
15 5 0.0069
15 16 0.0087
15 38 0.036
15 178 0.0175
15 179 0.0034
15 237 0.0037
15 238 0.0034
15 241 0.0032
15 247 0.0062
15 249 0.0313
15 255 0.0041
15 273 0.0088
15 274 0.0063
15 293 0.0518
15 353 0.0029
15 411 0.0282
15 414 0.0076
15 416 0.0266
15 448 0.0443
15 476 0.003
15 478 0.0092
15 488 0.0054
15 494 0.0122
15 498 0.0415
15 629 0.4144
15 630 0.0256
15 631 0.0252
15 632 0.0187
15 633 0.0136
15 634 0.0133
15 635 0.0109
15 636 0.0107
15 637 0.0106
15 638 0.0097
15 639 0.0077
15 640 0.007
15 641 0.006
15 642 0.0055
15 643 0.0054
15 644 0.0054
15 645 0.0049
15 646 0.0049
15 647 0.0048
15 648 0.0042
15 649 0.0035
15 650 0.0033
15 651 0.0033
15 652 0.0031
15 653 0.0031
15 654 0.003
16 5 0.0092
16 14 0.0115
16 20 0.0197
16 21 0.0199
16 37 0.0127
16 112 0.0113
16 123 0.0163
16 139 0.0268
16 169 0.0307
16 176 0.031
16 179 0.0197
16 328 0.01
16 339 0.0193
16 461 0.0244
16 483 0.0284
16 655 0.1077
16 656 0.042
16 657 0.0413
16 658 0.0336
16 659 0.0325
16 660 0.0318
16 661 0.0297
16 662 0.0255
16 663 0.0246
16 664 0.021
16 665 0.021
16 666 0.0201
16 667 0.0179
16 668 0.0177
16 669 0.0177
16 670 0.0157
16 671 0.0147
16 672 0.0139
16 673 0.0136
16 674 0.0121
16 675 0.0121
16 676 0.0119
16 677 0.0118
16 678 0.0116
16 679 0.0114
16 680 0.0109
16 681 0.0108
16 682 0.0106
16 683 0.0106
16 684 0.0097
16 685 0.0095
16 686 0.0089
16 687 0.0084
16 688 0.0084
16 689 0.0084
17 5 0.0119
17 37 0.0123
17 90 0.109
17 112 0.0131
17 150 0.013
17 454 0.017
17 462 0.032
17 690 0.0534
17 691 0.0414
17 692 0.0336
17 693 0.0315
17 694 0.0303
17 695 0.0296
17 696 0.0288
17 697 0.0271
17 698 0.0267
17 699 0.0264
17 700 0.0223
17 701 0.0204
17 702 0.0192
17 703 0.0189
17 704 0.0184
17 705 0.0179
17 706 0.0177
17 707 0.0172
17 708 0.0165
17 709 0.0156
17 710 0.0151
17 711 0.0147
17 712 0.0144
17 713 0.0143
17 714 0.0137
17 715 0.0135
17 716 0.0133
17 717 0.0128
17 718 0.0125
17 719 0.0119
17 720 0.0119
17 721 0.0114
17 722 0.0113
17 723 0.011
17 724 0.0109
17 725 0.0109
17 726 0.0109
17 727 0.0108
17 728 0.0108
17 729 0.0107
17 730 0.0106
17 731 0.0106
17 732 0.0105
18 4 0.1744
18 16 0.0093
18 20 0.0047
18 38 0.0173
18 237 0.0202
18 238 0.1967
18 241 0.0186
18 242 0.0255
18 244 0.0065
18 247 0.0063
18 248 0.022
18 249 0.0107
18 251 0.005
18 255 0.0059
18 259 0.008
18 267 0.0092
18 274 0.0086
18 301 0.0049
18 411 0.0186
18 415 0.0052
18 416 0.0094
18 426 0.0184
18 473 0.0079
18 481 0.008
18 485 0.0831
18 493 0.0089
18 610 0.0077
18 624 0.0094
18 629 0.0068
18 631 0.005
18 636 0.0325
18 651 0.0312
18 733 0.0312
18 734 0.0181
18 735 0.018
18 736 0.017
18 737 0.0157
18 738 0.0115
18 739 0.0112
18 740 0.0097
18 741 0.0092
18 742 0.0078
18 743 0.0076
18 744 0.007
18 745 0.0062
18 746 0.0054
18 747 0.0051
18 748 0.0051
18 749 0.0042
18 750 0.0042
19 362 0.0109
19 453 0.1012
19 464 0.0152
19 751 0.0615
19 752 0.0412
19 753 0.0404
19 754 0.038
19 755 0.0377
19 756 0.0372
19 757 0.0349
19 758 0.0348
19 759 0.0296
19 760 0.0282
19 761 0.0263
19 762 0.0235
19 763 0.0227
19 764 0.0208
19 765 0.0192
19 766 0.0192
19 767 0.0187
19 768 0.0169
19 769 0.0167
19 770 0.0162
19 771 0.0153
19 772 0.0146
19 773 0.014
19 774 0.0139
19 775 0.0125
19 776 0.0123
19 777 0.012
19 778 0.0118
19 779 0.0114
19 780 0.0111
19 781 0.0111
19 782 0.0109
19 783 0.0103
19 784 0.0103
19 785 0.0101
19 786 0.0099
19 787 0.0098
19 788 0.0097
19 789 0.0091
19 790 0.0089
19 791 0.0088
19 792 0.0087
19 793 0.0087
19 794 0.0086
19 795 0.0086
19 796 0.0085
19 797 0.0082
20 798 0.0128
20 21 0.106
20 101 0.02
20 108 0.0243
20 112 0.0075
20 130 0.018
20 169 0.0068
20 175 0.0177
20 176 0.0087
20 182 0.0229
20 370 0.0071
20 386 0.0146
20 461 0.0455
20 549 0.0395
20 565 0.0079
20 657 0.0107
20 799 0.1754
20 800 0.0579
20 801 0.0467
20 802 0.0307
20 803 0.0254
20 804 0.0145
20 805 0.0144
20 806 0.0142
20 807 0.0137
20 808 0.0131
20 809 0.013
20 810 0.0127
20 811 0.0121
20 812 0.0117
20 813 0.0116
20 814 0.0115
20 815 0.0114
20 816 0.0113
20 817 0.0104
20 818 0.0102
20 819 0.0093
20 820 0.0093
20 821 0.0091
20 822 0.0086
20 823 0.0084
20 824 0.0075
20 825 0.0073
20 826 0.0072
20 827 0.0071
20 828 0.0071
20 829 0.007
20 830 0.007
20 831 0.0067
20 832 0.0067
21 4 0.0979
21 16 0.1137
21 38 0.0109
21 106 0.0088
21 116 0.0232
21 178 0.0402
21 206 0.0198
21 207 0.0087
21 234 0.0096
21 237 0.0111
21 238 0.0196
21 240 0.0085
21 244 0.0083
21 247 0.0201
21 249 0.0284
21 250 0.0071
21 251 0.017
21 259 0.0111
21 265 0.0328
21 282 0.0077
21 289 0.0118
21 375 0.014
21 387 0.0131
21 476 0.009
21 639 0.0283
21 640 0.0078
21 659 0.0144
21 733 0.0278
21 736 0.0734
21 833 0.0456
21 834 0.0329
21 835 0.0244
21 836 0.0183
21 837 0.0168
21 838 0.0137
21 839 0.0128
21 840 0.0122
21 841 0.0111
21 842 0.0111
21 843 0.0109
21 844 0.0104
21 845 0.01
21 846 0.009
21 847 0.0088
21 848 0.0085
21 849 0.0085
21 850 0.0085
21 851 0.0078
21 852 0.0076
21 853 0.0068
22 4 0.008
22 16 0.0121
22 38 0.0135
22 104 0.0102
22 106 0.0735
22 237 0.009
22 238 0.0704
22 239 0.0041
22 241 0.0175
22 242 0.0035
22 243 0.0061
22 244 0.0135
22 245 0.0766
22 251 0.0052
22 257 0.0089
22 258 0.0104
22 259 0.0033
22 260 0.0033
22 263 0.0069
22 267 0.0187
22 274 0.0106
22 277 0.0083
22 278 0.0184
22 280 0.0066
22 298 0.01
22 299 0.0497
22 301 0.009
22 303 0.0324
22 405 0.1306
22 409 0.0042
22 412 0.0036
22 419 0.0154
22 426 0.0763
22 434 0.0077
22 481 0.0081
22 493 0.0042
22 651 0.0056
22 733 0.0257
22 747 0.0084
22 854 0.1304
22 855 0.0118
22 856 0.0096
22 857 0.0075
22 858 0.0065
22 859 0.0058
22 860 0.0042
22 861 0.0039
22 862 0.0035
22 863 0.0035
22 864 0.0034
23 865 0.0179
23 866 0.0058
23 461 0.0591
23 657 0.0091
23 668 0.0082
23 788 0.0049
23 867 0.1294
23 868 0.0717
23 869 0.0593
23 870 0.0529
23 871 0.0442
23 872 0.0399
23 873 0.0384
23 874 0.0372
23 875 0.0355
23 876 0.0265
23 877 0.0259
23 878 0.0233
23 879 0.0222
23 880 0.0206
23 881 0.017
23 882 0.0164
23 883 0.0161
23 884 0.0141
23 885 0.0141
23 886 0.0123
23 887 0.0109
23 888 0.0107
23 889 0.0103
23 890 0.0102
23 891 0.0102
23 892 0.0093
23 893 0.0091
23 894 0.0088
23 895 0.0086
23 896 0.0086
23 897 0.0081
23 898 0.0074
23 899 0.0071
23 900 0.0067
23 901 0.0065
23 902 0.0063
23 903 0.006
23 904 0.0057
23 905 0.0055
23 906 0.0054
23 907 0.0046
23 908 0.0041
23 909 0.004
23 910 0.0038
24 0 0.0148
24 16 0.0204
24 101 0.0349
24 121 0.0185
24 132 0.0272
24 277 0.015
24 297 0.015
24 373 0.0711
24 413 0.0277
24 498 0.0251
24 564 0.0178
24 591 0.0155
24 594 0.0124
24 639 0.0139
24 651 0.0373
24 653 0.0394
24 676 0.0267
24 809 0.0125
24 867 0.0141
24 911 0.0394
24 912 0.0345
24 913 0.0321
24 914 0.03
24 915 0.0274
24 916 0.0239
24 917 0.0228
24 918 0.0199
24 919 0.0188
24 920 0.018
24 921 0.0178
24 922 0.0174
24 923 0.0173
24 924 0.0169
24 925 0.0167
24 926 0.016
24 927 0.0141
24 928 0.0127
24 929 0.0125
24 930 0.0122
24 931 0.0117
24 932 0.0115
24 933 0.0115
24 934 0.0113
24 935 0.0112
24 936 0.0108
24 937 0.0108
24 938 0.0106
24 939 0.0105
24 940 0.0105
24 941 0.0101
25 0 0.02
25 8 0.016
25 10 0.016
25 21 0.016
25 34 0.0281
25 40 0.022
25 49 0.0281
25 142 0.0541
25 315 0.02
25 853 0.014
25 942 0.0361
25 943 0.0321
25 944 0.0301
25 945 0.0301
25 946 0.0281
25 947 0.0261
25 948 0.0261
25 949 0.024
25 950 0.024
25 951 0.022
25 952 0.022
25 953 0.022
25 954 0.02
25 955 0.02
25 956 0.018
25 957 0.018
25 958 0.018
25 959 0.018
25 960 0.018
25 961 0.018
25 962 0.016
25 963 0.016
25 964 0.016
25 965 0.016
25 966 0.016
25 967 0.016
25 968 0.016
25 969 0.014
25 970 0.014
25 971 0.014
25 972 0.014
25 973 0.014
25 974 0.014
25 975 0.014
25 976 0.014
25 977 0.014
25 978 0.014
25 979 0.014
25 980 0.014
25 981 0.014
26 4 0.0551
26 38 0.0209
26 110 0.0041
26 158 0.0031
26 237 0.0057
26 238 0.0108
26 241 0.0046
26 249 0.0093
26 251 0.0165
26 266 0.0045
26 267 0.0033
26 277 0.0085
26 282 0.046
26 328 0.0037
26 405 0.0035
26 411 0.0055
26 414 0.0044
26 416 0.0684
26 422 0.0086
26 431 0.0078
26 448 0.0607
26 450 0.0076
26 478 0.0179
26 481 0.0044
26 484 0.0031
26 487 0.0274
26 493 0.0072
26 629 0.04
26 636 0.0197
26 637 0.273
26 654 0.0345
26 656 0.0045
26 856 0.004
26 901 0.0081
26 916 0.0038
26 982 0.0409
26 983 0.0222
26 984 0.0205
26 985 0.0183
26 986 0.0145
26 987 0.0116
26 988 0.0105
26 989 0.0093
26 990 0.0086
26 991 0.007
26 992 0.0067
26 993 0.0066
26 994 0.0057
26 995 0.0044
26 996 0.0031
27 38 0.0376
27 139 0.007
27 177 0.0121
27 178 0.0088
27 179 0.015
27 183 0.0096
27 237 0.0118
27 238 0.0714
27 240 0.0059
27 244 0.0107
27 249 0.0297
27 253 0.0136
27 264 0.0243
27 267 0.0177
27 270 0.0389
27 274 0.0076
27 282 0.0303
27 293 0.0086
27 304 0.0049
27 405 0.0061
27 406 0.0075
27 411 0.0798
27 415 0.0107
27 421 0.0052
27 431 0.0111
27 448 0.0931
27 471 0.0325
27 488 0.0055
27 596 0.0064
27 629 0.0186
27 630 0.0117
27 637 0.0076
27 740 0.0328
27 856 0.0052
27 901 0.0069
27 916 0.0045
27 993 0.0148
27 997 0.1001
27 998 0.0831
27 999 0.0155
27 1000 0.0123
27 1001 0.0096
27 1002 0.0092
27 1003 0.0079
27 1004 0.0079
27 1005 0.0074
27 1006 0.0063
27 1007 0.006
27 1008 0.0047
27 1009 0.0045
28 1010 0.0054
28 4 0.0052
28 5 0.0096
28 8 0.0047
28 16 0.0014
28 21 0.6264
28 26 0.0035
28 108 0.0017
28 176 0.0045
28 187 0.0039
28 238 0.0141
28 465 0.0013
28 484 0.0095
28 553 0.002
28 704 0.0063
28 823 0.0069
28 828 0.0157
28 909 0.0024
28 922 0.0165
28 951 0.0485
28 978 0.0054
28 1011 0.0316
28 1012 0.0312
28 1013 0.0186
28 1014 0.0157
28 1015 0.0151
28 1016 0.0118
28 1017 0.0093
28 1018 0.009
28 1019 0.0067
28 1020 0.0065
28 1021 0.0065
28 1022 0.0039
28 1023 0.0033
28 1024 0.0032
28 1025 0.0031
28 1026 0.0031
28 1027 0.0025
28 1028 0.0024
28 1029 0.0024
28 1030 0.0023
28 1031 0.0022
28 1032 0.0021
28 1033 0.0021
28 1034 0.002
28 1035 0.0019
28 1036 0.0018
28 1037 0.0017
28 1038 0.0017
28 1039 0.0014
29 21 0.0071
29 37 0.026
29 103 0.0132
29 104 0.0079
29 108 0.0093
29 119 0.0124
29 122 0.1521
29 139 0.0556
29 145 0.0043
29 149 0.0075
29 152 0.1076
29 166 0.0036
29 169 0.0099
29 176 0.0157
29 179 0.0049
29 183 0.0088
29 327 0.0051
29 368 0.0074
29 378 0.0118
29 379 0.0257
29 391 0.0357
29 397 0.01
29 443 0.0063
29 483 0.0084
29 549 0.0059
29 570 0.0065
29 755 0.0037
29 799 0.1625
29 805 0.0079
29 823 0.0081
29 1040 0.0662
29 1041 0.0409
29 1042 0.02
29 1043 0.0134
29 1044 0.0131
29 1045 0.0118
29 1046 0.0094
29 1047 0.0087
29 1048 0.0087
29 1049 0.0068
29 1050 0.0067
29 1051 0.0064
29 1052 0.0061
29 1053 0.0055
29 1054 0.0048
29 1055 0.0048
29 1056 0.0044
29 1057 0.0042
29 1058 0.0039
29 1059 0.0036
30 5 0.0272
30 101 0.0227
30 132 0.0154
30 137 0.0334
30 182 0.037
30 368 0.0273
30 557 0.0076
30 564 0.0268
30 582 0.0077
30 914 0.0183
30 918 0.0085
30 927 0.009
30 1049 0.0233
30 1060 0.0805
30 1061 0.0783
30 1062 0.0567
30 1063 0.0508
30 1064 0.036
30 1065 0.0357
30 1066 0.0334
30 1067 0.0329
30 1068 0.0245
30 1069 0.024
30 1070 0.0211
30 1071 0.0207
30 1072 0.0186
30 1073 0.0166
30 1074 0.0165
30 1075 0.0164
30 1076 0.0141
30 1077 0.0139
30 1078 0.0131
30 1079 0.0113
30 1080 0.0111
30 1081 0.0106
30 1082 0.0104
30 1083 0.0093
30 1084 0.0086
30 1085 0.0084
30 1086 0.0074
30 1087 0.0071
30 1088 0.0069
30 1089 0.0059
30 1090 0.0055
30 1091 0.0053
30 1092 0.005
30 1093 0.005
30 1094 0.0048
30 1095 0.0047
30 1096 0.0046
31 1097 0.0055
31 2 0.0055
31 8 0.0381
31 19 0.0089
31 21 0.0492
31 112 0.0371
31 122 0.0203
31 145 0.0151
31 148 0.0406
31 169 0.0103
31 174 0.0281
31 175 0.0096
31 176 0.0238
31 178 0.0061
31 340 0.0773
31 347 0.0103
31 366 0.0995
31 368 0.0119
31 380 0.0048
31 391 0.0592
31 461 0.0064
31 549 0.0363
31 572 0.0108
31 667 0.047
31 799 0.0139
31 909 0.01
31 1060 0.0054
31 1098 0.055
31 1099 0.0461
31 1100 0.0252
31 1101 0.0202
31 1102 0.0195
31 1103 0.0172
31 1104 0.013
31 1105 0.0128
31 1106 0.0104
31 1107 0.0093
31 1108 0.008
31 1109 0.0078
31 1110 0.0076
31 1111 0.0075
31 1112 0.007
31 1113 0.0069
31 1114 0.0054
31 1115 0.0053
31 1116 0.0051
31 1117 0.0051
31 1118 0.0049
31 1119 0.0048
31 1120 0.0047
32 135 0.0476
32 161 0.1905
32 394 0.0476
32 870 0.0476
32 914 0.0476
32 1121 0.1429
32 1122 0.0952
32 1123 0.0476
32 1124 0.0476
32 1125 0.0476
32 1126 0.0476
32 1127 0.0476
32 1128 0.0476
32 1129 0.0476
32 1130 0.0476
33 1131 0.0114
33 147 0.0097
33 158 0.0093
33 179 0.009
33 282 0.0113
33 380 0.0159
33 414 0.0104
33 420 0.0123
33 431 0.0109
33 438 0.0127
33 443 0.0217
33 447 0.0278
33 450 0.0177
33 487 0.0092
33 490 0.0223
33 637 0.0541
33 715 0.0503
33 726 0.0252
33 752 0.0338
33 755 0.0387
33 763 0.0505
33 916 0.0127
33 985 0.0121
33 993 0.0108
33 996 0.0336
33 997 0.0384
33 1042 0.0128
33 1132 0.04
33 1133 0.032
33 1134 0.0272
33 1135 0.0263
33 1136 0.0255
33 1137 0.0244
33 1138 0.024
33 1139 0.0202
33 1140 0.019
33 1141 0.0184
33 1142 0.0176
33 1143 0.0169
33 1144 0.0151
33 1145 0.0135
33 1146 0.0125
33 1147 0.0119
33 1148 0.0112
33 1149 0.0111
33 1150 0.0107
33 1151 0.0101
33 1152 0.0098
33 1153 0.009
33 1154 0.009
34 106 0.0284
34 176 0.0289
34 182 0.0284
34 324 0.0165
34 515 0.0179
34 528 0.0216
34 549 0.0202
34 581 0.0913
34 792 0.0179
34 823 0.0156
34 1049 0.0181
34 1063 0.0139
34 1102 0.0182
34 1155 0.0345
34 1156 0.031
34 1157 0.0216
34 1158 0.0205
34 1159 0.0205
34 1160 0.0204
34 1161 0.0198
34 1162 0.0195
34 1163 0.019
34 1164 0.0189
34 1165 0.0188
34 1166 0.0187
34 1167 0.0185
34 1168 0.0184
34 1169 0.0177
34 1170 0.0175
34 1171 0.0173
34 1172 0.0172
34 1173 0.0171
34 1174 0.0171
34 1175 0.0169
34 1176 0.0169
34 1177 0.0166
34 1178 0.0165
34 1179 0.0164
34 1180 0.0162
34 1181 0.0158
34 1182 0.0154
34 1183 0.015
34 1184 0.0146
34 1185 0.0145
34 1186 0.0143
34 1187 0.0142
34 1188 0.0141
34 1189 0.0141
34 1190 0.0139
34 1191 0.0139
35 5 0.0061
35 14 0.2483
35 37 0.0654
35 38 0.0017
35 125 0.0021
35 131 0.0419
35 136 0.0017
35 139 0.0111
35 152 0.0149
35 176 0.0097
35 177 0.0126
35 178 0.0798
35 237 0.0006
35 247 0.002
35 249 0.0078
35 255 0.0027
35 282 0.0061
35 291 0.0046
35 293 0.0101
35 315 0.0035
35 371 0.0083
35 416 0.004
35 436 0.0007
35 439 0.0007
35 448 0.1456
35 461 0.049
35 483 0.0313
35 512 0.0021
35 564 0.001
35 629 0.0561
35 639 0.0123
35 641 0.0027
35 651 0.0045
35 901 0.0059
35 909 0.0056
35 932 0.102
35 1041 0.0053
35 1103 0.0012
35 1192 0.0056
35 1193 0.0056
35 1194 0.0054
35 1195 0.0033
35 1196 0.002
35 1197 0.0016
35 1198 0.0016
35 1199 0.0012
35 1200 0.0011
35 1201 0.001
35 1202 0.0006
36 1203 0.0206
36 1204 0.0154
36 1205 0.0135
36 30 0.0141
36 130 0.0192
36 788 0.0252
36 790 0.0146
36 904 0.0247
36 1206 0.0867
36 1207 0.0336
36 1208 0.0322
36 1209 0.0295
36 1210 0.0293
36 1211 0.0287
36 1212 0.0244
36 1213 0.0244
36 1214 0.023
36 1215 0.0217
36 1216 0.02
36 1217 0.02
36 1218 0.02
36 1219 0.0195
36 1220 0.019
36 1221 0.0182
36 1222 0.0179
36 1223 0.0179
36 1224 0.0176
36 1225 0.0171
36 1226 0.0171
36 1227 0.0163
36 1228 0.016
36 1229 0.016
36 1230 0.0157
36 1231 0.0157
36 1232 0.0157
36 1233 0.0154
36 1234 0.0154
36 1235 0.0154
36 1236 0.0152
36 1237 0.0149
36 1238 0.0149
36 1239 0.0149
36 1240 0.0144
36 1241 0.0144
36 1242 0.0144
36 1243 0.0144
36 1244 0.0141
36 1245 0.0141
36 1246 0.0138
36 1247 0.0138
37 1248 0.0194
37 1249 0.0747
37 1250 0.019
37 970 0.0092
37 1017 0.0173
37 1251 0.0637
37 1252 0.0517
37 1253 0.0493
37 1254 0.0457
37 1255 0.0437
37 1256 0.0398
37 1257 0.0366
37 1258 0.0344
37 1259 0.0279
37 1260 0.0256
37 1261 0.0247
37 1262 0.0227
37 1263 0.0214
37 1264 0.0212
37 1265 0.0181
37 1266 0.0159
37 1267 0.0155
37 1268 0.0149
37 1269 0.014
37 1270 0.014
37 1271 0.0135
37 1272 0.013
37 1273 0.0128
37 1274 0.0128
37 1275 0.0121
37 1276 0.012
37 1277 0.0119
37 1278 0.0118
37 1279 0.011
37 1280 0.0107
37 1281 0.0105
37 1282 0.0102
37 1283 0.0101
37 1284 0.0099
37 1285 0.0097
37 1286 0.0094
37 1287 0.0094
37 1288 0.0092
37 1289 0.0091
37 1290 0.0088
37 1291 0.0087
37 1292 0.0084
37 1293 0.0083
37 1294 0.0083
37 1295 0.0079
38 656 0.0239
38 790 0.0136
38 867 0.1543
38 868 0.0484
38 872 0.031
38 878 0.018
38 892 0.0752
38 897 0.0172
38 904 0.0124
38 907 0.0139
38 1213 0.0232
38 1217 0.0225
38 1296 0.0534
38 1297 0.0418
38 1298 0.0403
38 1299 0.0312
38 1300 0.026
38 1301 0.0213
38 1302 0.0184
38 1303 0.0181
38 1304 0.0178
38 1305 0.0166
38 1306 0.0165
38 1307 0.0162
38 1308 0.0151
38 1309 0.0133
38 1310 0.013
38 1311 0.0117
38 1312 0.0114
38 1313 0.0107
38 1314 0.0104
38 1315 0.0097
38 1316 0.0096
38 1317 0.0092
38 1318 0.0092
38 1319 0.0085
38 1320 0.0084
38 1321 0.0082
38 1322 0.0081
38 1323 0.0075
38 1324 0.0073
38 1325 0.0072
38 1326 0.0065
38 1327 0.0064
38 1328 0.0064
38 1329 0.0063
38 1330 0.0063
38 1331 0.0062
38 1332 0.0062
38 1333 0.0059
39 14 0.089
39 38 0.0057
39 103 0.0768
39 122 0.0093
39 131 0.0314
39 133 0.0262
39 139 0.1096
39 140 0.0076
39 153 0.033
39 170 0.0332
39 174 0.009
39 177 0.007
39 178 0.0567
39 237 0.0118
39 238 0.0092
39 240 0.0177
39 251 0.0137
39 268 0.0062
39 327 0.0079
39 328 0.0493
39 375 0.01
39 422 0.0077
39 461 0.0061
39 484 0.0064
39 488 0.033
39 639 0.0127
39 912 0.0061
39 916 0.0247
39 998 0.0059
39 1002 0.0068
39 1041 0.0194
39 1334 0.0491
39 1335 0.0266
39 1336 0.0227
39 1337 0.0155
39 1338 0.0141
39 1339 0.0138
39 1340 0.0135
39 1341 0.013
39 1342 0.0125
39 1343 0.0106
39 1344 0.0082
39 1345 0.0072
39 1346 0.007
39 1347 0.0069
39 1348 0.0067
39 1349 0.0063
39 1350 0.0061
39 1351 0.0055
39 1352 0.0055
40 2 0.0101
40 5 0.0943
40 7 0.0057
40 13 0.224
40 14 0.0223
40 19 0.0067
40 29 0.0151
40 30 0.0073
40 33 0.0048
40 37 0.0204
40 38 0.0106
40 103 0.0547
40 139 0.0143
40 156 0.0075
40 176 0.0113
40 178 0.0081
40 179 0.0047
40 187 0.011
40 227 0.0042
40 255 0.0082
40 277 0.0366
40 278 0.0088
40 280 0.0047
40 327 0.036
40 425 0.0061
40 436 0.008
40 553 0.0055
40 695 0.1092
40 704 0.0087
40 855 0.0066
40 959 0.006
40 1049 0.0074
40 1050 0.043
40 1353 0.0356
40 1354 0.0192
40 1355 0.0158
40 1356 0.0133
40 1357 0.0094
40 1358 0.0089
40 1359 0.0088
40 1360 0.0079
40 1361 0.0074
40 1362 0.0066
40 1363 0.0063
40 1364 0.006
40 1365 0.0053
40 1366 0.0045
40 1367 0.0045
40 1368 0.0043
40 1369 0.0042
41 1370 0.0073
41 866 0.009
41 16 0.01
41 101 0.0082
41 112 0.0567
41 139 0.0193
41 164 0.0208
41 175 0.0081
41 176 0.0925
41 183 0.0097
41 368 0.0389
41 386 0.0205
41 512 0.0241
41 559 0.0115
41 564 0.0344
41 565 0.0114
41 580 0.0179
41 656 0.039
41 657 0.0291
41 667 0.011
41 668 0.0112
41 685 0.0287
41 802 0.0478
41 816 0.0084
41 867 0.0263
41 868 0.011
41 907 0.0068
41 914 0.029
41 932 0.0086
41 1070 0.0246
41 1082 0.0074
41 1169 0.0119
41 1328 0.0104
41 1371 0.0491
41 1372 0.0413
41 1373 0.033
41 1374 0.0216
41 1375 0.0165
41 1376 0.0158
41 1377 0.0154
41 1378 0.0146
41 1379 0.0121
41 1380 0.012
41 1381 0.0115
41 1382 0.01
41 1383 0.0076
41 1384 0.0073
41 1385 0.0071
41 1386 0.0069
41 1387 0.0066
42 38 0.0523
42 110 0.01
42 237 0.1465
42 238 0.0124
42 240 0.0032
42 241 0.0116
42 242 0.0083
42 244 0.0039
42 249 0.0192
42 251 0.0025
42 255 0.0185
42 259 0.0043
42 269 0.006
42 274 0.0033
42 281 0.0031
42 282 0.0035
42 298 0.0139
42 411 0.0432
42 416 0.0069
42 493 0.0094
42 591 0.0062
42 596 0.1017
42 651 0.0264
42 734 0.0041
42 737 0.0072
42 739 0.004
42 742 0.0049
42 749 0.2509
42 1388 0.0987
42 1389 0.0194
42 1390 0.0117
42 1391 0.0079
42 1392 0.0066
42 1393 0.0059
42 1394 0.0059
42 1395 0.0058
42 1396 0.0058
42 1397 0.005
42 1398 0.005
42 1399 0.0046
42 1400 0.0042
42 1401 0.0039
42 1402 0.0035
42 1403 0.0029
42 1404 0.0028
42 1405 0.0028
42 1406 0.0026
42 1407 0.0025
42 1408 0.0025
42 1409 0.0025
43 38 0.0288
43 237 0.4116
43 238 0.0133
43 239 0.0088
43 240 0.0032
43 241 0.0138
43 244 0.0428
43 248 0.0069
43 249 0.0469
43 250 0.0087
43 251 0.0037
43 255 0.0261
43 263 0.0107
43 269 0.0042
43 274 0.0122
43 276 0.0041
43 277 0.0052
43 279 0.0031
43 282 0.0153
43 293 0.0036
43 298 0.0218
43 301 0.0033
43 408 0.0205
43 411 0.0127
43 414 0.04
43 416 0.0592
43 425 0.0029
43 434 0.0034
43 448 0.009
43 492 0.0055
43 596 0.0088
43 629 0.0033
43 631 0.0073
43 636 0.0098
43 651 0.013
43 749 0.0121
43 856 0.0031
43 982 0.0073
43 987 0.0169
43 992 0.0053
43 1001 0.0045
43 1388 0.0141
43 1410 0.0087
43 1411 0.0084
43 1412 0.0073
43 1413 0.006
43 1414 0.0035
43 1415 0.0035
43 1416 0.0031
43 1417 0.0028
44 131 0.0042
44 179 0.1468
44 206 0.0068
44 237 0.0235
44 238 0.2403
44 240 0.0154
44 241 0.0212
44 242 0.0089
44 243 0.0059
44 247 0.0126
44 248 0.0067
44 249 0.0107
44 251 0.0095
44 253 0.0116
44 259 0.0164
44 266 0.0048
44 267 0.0265
44 274 0.012
44 282 0.0197
44 293 0.0197
44 405 0.0131
44 406 0.0343
44 411 0.0331
44 414 0.0046
44 415 0.0066
44 416 0.0413
44 419 0.0054
44 425 0.0054
44 448 0.0066
44 473 0.0206
44 475 0.0065
44 490 0.0087
44 630 0.0049
44 631 0.0212
44 636 0.0241
44 651 0.0083
44 737 0.005
44 741 0.0046
44 851 0.007
44 856 0.0228
44 922 0.0155
44 987 0.0054
44 1197 0.0062
44 1416 0.0043
44 1418 0.0274
44 1419 0.0094
44 1420 0.008
44 1421 0.0077
44 1422 0.0045
44 1423 0.0043
45 4 0.0004
45 16 0.5955
45 38 0.0038
45 106 0.002
45 125 0.0011
45 129 0.02
45 169 0.0082
45 176 0.0005
45 179 0.0006
45 195 0.0006
45 207 0.0003
45 214 0.0006
45 232 0.0042
45 237 0.0004
45 238 0.0008
45 244 0.0002
45 248 0.0005
45 249 0.0013
45 289 0.0138
45 328 0.0027
45 425 0.0001
45 461 0.0165
45 483 0.0006
45 525 0.0015
45 629 0.0002
45 651 0.0005
45 683 0.0006
45 837 0.0078
45 895 0.0022
45 901 0.0031
45 909 0.0005
45 922 0.0003
45 1381 0.0002
45 1424 0.1392
45 1425 0.1307
45 1426 0.0166
45 1427 0.0077
45 1428 0.0027
45 1429 0.0024
45 1430 0.0018
45 1431 0.0014
45 1432 0.0012
45 1433 0.0012
45 1434 0.0011
45 1435 0.0007
45 1436 0.0007
45 1437 0.0004
45 1438 0.0003
45 1439 0.0002
45 1440 0.0002
46 1441 0.0104
46 38 0.0205
46 115 0.0114
46 172 0.0105
46 237 0.0163
46 238 0.018
46 248 0.0134
46 255 0.0142
46 257 0.0113
46 259 0.0154
46 261 0.037
46 263 0.0189
46 273 0.0231
46 398 0.0141
46 411 0.0139
46 651 0.0315
46 855 0.03
46 861 0.0112
46 1057 0.0259
46 1349 0.01
46 1359 0.0147
46 1403 0.0123
46 1442 0.0659
46 1443 0.0545
46 1444 0.0516
46 1445 0.0498
46 1446 0.0363
46 1447 0.0297
46 1448 0.0268
46 1449 0.0254
46 1450 0.0235
46 1451 0.0217
46 1452 0.0212
46 1453 0.0162
46 1454 0.0152
46 1455 0.015
46 1456 0.0147
46 1457 0.0142
46 1458 0.0138
46 1459 0.0126
46 1460 0.0121
46 1461 0.012
46 1462 0.0112
46 1463 0.0108
46 1464 0.0108
46 1465 0.0104
46 1466 0.0102
46 1467 0.0102
46 1468 0.0102
46 1469 0.0101
47 5 0.0158
47 8 0.0071
47 14 0.0468
47 108 0.0186
47 112 0.0179
47 120 0.0099
47 122 0.0066
47 156 0.0858
47 169 0.0059
47 170 0.0049
47 176 0.0503
47 177 0.0715
47 178 0.019
47 179 0.0062
47 199 0.0075
47 374 0.0141
47 378 0.0077
47 379 0.0057
47 461 0.0124
47 483 0.2205
47 554 0.0145
47 653 0.007
47 656 0.0059
47 659 0.0054
47 668 0.0063
47 683 0.0048
47 704 0.0089
47 816 0.0059
47 909 0.0085
47 919 0.0226
47 932 0.0086
47 998 0.0634
47 1041 0.0097
47 1057 0.0065
47 1103 0.0126
47 1335 0.0066
47 1353 0.0184
47 1372 0.0054
47 1470 0.05
47 1471 0.0176
47 1472 0.0152
47 1473 0.01
47 1474 0.0081
47 1475 0.0073
47 1476 0.0071
47 1477 0.0071
47 1478 0.0066
47 1479 0.0059
47 1480 0.0051
47 1481 0.0049
48 112 0.0113
48 122 0.0101
48 137 0.0319
48 147 0.021
48 174 0.0158
48 453 0.043
48 656 0.006
48 657 0.0366
48 676 0.0041
48 753 0.0334
48 788 0.074
48 867 0.0419
48 868 0.1055
48 873 0.037
48 878 0.0078
48 897 0.0351
48 899 0.0126
48 904 0.0097
48 909 0.0092
48 1055 0.03
48 1167 0.0319
48 1202 0.0142
48 1213 0.0303
48 1217 0.0098
48 1220 0.0361
48 1230 0.0103
48 1296 0.0068
48 1303 0.0066
48 1315 0.0047
48 1317 0.04
48 1319 0.031
48 1323 0.0087
48 1328 0.0079
48 1372 0.033
48 1482 0.0322
48 1483 0.0143
48 1484 0.0128
48 1485 0.0118
48 1486 0.0108
48 1487 0.0105
48 1488 0.0087
48 1489 0.0087
48 1490 0.0066
48 1491 0.0063
48 1492 0.0054
48 1493 0.0053
48 1494 0.005
48 1495 0.0049
48 1496 0.0048
48 1497 0.0047
49 278 0.0117
49 304 0.0105
49 405 0.0104
49 414 0.012
49 439 0.0147
49 450 0.0114
49 752 0.0221
49 762 0.015
49 763 0.0698
49 772 0.0094
49 778 0.0191
49 786 0.0214
49 994 0.0126
49 1149 0.0093
49 1230 0.0116
49 1237 0.0222
49 1498 0.1244
49 1499 0.0431
49 1500 0.0346
49 1501 0.0327
49 1502 0.0313
49 1503 0.0313
49 1504 0.024
49 1505 0.0228
49 1506 0.0217
49 1507 0.0214
49 1508 0.0213
49 1509 0.0208
49 1510 0.0196
49 1511 0.0184
49 1512 0.0176
49 1513 0.0169
49 1514 0.0155
49 1515 0.0151
49 1516 0.0148
49 1517 0.014
49 1518 0.0138
49 1519 0.0136
49 1520 0.0132
49 1521 0.0123
49 1522 0.0119
49 1523 0.0116
49 1524 0.011
49 1525 0.0105
49 1526 0.0104
49 1527 0.0101
49 1528 0.0099
49 1529 0.0092
49 1530 0.0089
49 1531 0.0089
50 4 0.0024
50 16 0.0046
50 38 0.1357
50 136 0.0017
50 237 0.1175
50 238 0.0194
50 241 0.0241
50 242 0.015
50 245 0.0261
50 249 0.3141
50 251 0.0041
50 255 0.0107
50 259 0.004
50 267 0.0017
50 279 0.0021
50 280 0.0024
50 282 0.0025
50 298 0.003
50 301 0.006
50 336 0.0041
50 416 0.0386
50 425 0.0174
50 428 0.0296
50 433 0.0099
50 441 0.003
50 448 0.002
50 475 0.002
50 481 0.0046
50 485 0.0169
50 495 0.0022
50 594 0.004
50 651 0.0093
50 1532 0.0424
50 1533 0.0345
50 1534 0.0221
50 1535 0.0107
50 1536 0.0067
50 1537 0.0057
50 1538 0.0057
50 1539 0.0046
50 1540 0.0046
50 1541 0.0036
50 1542 0.003
50 1543 0.0028
50 1544 0.0026
50 1545 0.0021
50 1546 0.0021
50 1547 0.002
50 1548 0.002
50 1549 0.002
51 4 0.0049
51 16 0.0024
51 20 0.0057
51 37 0.0019
51 237 0.005
51 238 0.6904
51 240 0.0085
51 241 0.0098
51 245 0.0026
51 247 0.0031
51 248 0.009
51 259 0.0029
51 267 0.0473
51 269 0.0024
51 278 0.005
51 282 0.0146
51 298 0.003
51 309 0.0017
51 328 0.0018
51 415 0.0018
51 473 0.0489
51 475 0.0059
51 485 0.0033
51 488 0.0029
51 651 0.0097
51 740 0.0139
51 745 0.0111
51 747 0.0034
51 854 0.0064
51 859 0.0019
51 861 0.0068
51 1002 0.0072
51 1336 0.0018
51 1351 0.0019
51 1550 0.0104
51 1551 0.0053
51 1552 0.0047
51 1553 0.0046
51 1554 0.0029
51 1555 0.0029
51 1556 0.0027
51 1557 0.0026
51 1558 0.0025
51 1559 0.0024
51 1560 0.0021
51 1561 0.0019
51 1562 0.0016
51 1563 0.0016
51 1564 0.0016
51 1565 0.0016
52 14 0.0118
52 103 0.0554
52 139 0.0212
52 169 0.014
52 176 0.0175
52 216 0.0134
52 225 0.0284
52 227 0.018
52 280 0.0242
52 375 0.0283
52 379 0.0156
52 519 0.0209
52 1415 0.0326
52 1566 0.0458
52 1567 0.0426
52 1568 0.0309
52 1569 0.0306
52 1570 0.0293
52 1571 0.0291
52 1572 0.0272
52 1573 0.0266
52 1574 0.0261
52 1575 0.024
52 1576 0.0233
52 1577 0.0209
52 1578 0.0205
52 1579 0.0203
52 1580 0.0199
52 1581 0.0172
52 1582 0.0171
52 1583 0.0164
52 1584 0.0146
52 1585 0.0141
52 1586 0.0139
52 1587 0.0137
52 1588 0.0132
52 1589 0.0127
52 1590 0.0125
52 1591 0.0125
52 1592 0.0122
52 1593 0.0122
52 1594 0.012
52 1595 0.0114
52 1596 0.0114
52 1597 0.0113
52 1598 0.0111
52 1599 0.0109
52 1600 0.0106
52 1601 0.0102
52 1602 0.0102
53 21 0.0106
53 108 0.0131
53 120 0.0217
53 122 0.0107
53 156 0.0128
53 177 0.0283
53 315 0.0113
53 374 0.051
53 386 0.0093
53 388 0.0145
53 438 0.0178
53 554 0.0183
53 633 0.0424
53 670 0.0449
53 805 0.0169
53 882 0.0178
53 932 0.01
53 1067 0.0356
53 1070 0.0101
53 1474 0.0601
53 1476 0.0091
53 1506 0.0131
53 1603 0.0574
53 1604 0.0428
53 1605 0.0395
53 1606 0.0393
53 1607 0.0234
53 1608 0.0222
53 1609 0.0199
53 1610 0.019
53 1611 0.0186
53 1612 0.018
53 1613 0.0178
53 1614 0.0168
53 1615 0.0156
53 1616 0.015
53 1617 0.0147
53 1618 0.0131
53 1619 0.0126
53 1620 0.0122
53 1621 0.012
53 1622 0.0119
53 1623 0.0118
53 1624 0.0113
53 1625 0.0106
53 1626 0.0092
53 1627 0.009
53 1628 0.009
53 1629 0.0089
53 1630 0.0089
54 38 0.029
54 156 0.0029
54 183 0.001
54 237 0.0036
54 238 0.0011
54 241 0.0006
54 244 0.0005
54 249 0.0057
54 282 0.0316
54 293 0.0325
54 327 0.0006
54 328 0.0066
54 374 0.0014
54 414 0.0005
54 416 0.0008
54 420 0.0609
54 421 0.0096
54 425 0.0013
54 431 0.012
54 436 0.0075
54 448 0.0098
54 636 0.0005
54 654 0.0311
54 726 0.2029
54 837 0.0051
54 984 0.0005
54 991 0.0178
54 993 0.0158
54 995 0.0065
54 1133 0.1218
54 1138 0.0033
54 1141 0.0066
54 1143 0.0074
54 1149 0.0058
54 1199 0.0008
54 1389 0.001
54 1502 0.0028
54 1620 0.0009
54 1631 0.2638
54 1632 0.0302
54 1633 0.0162
54 1634 0.0106
54 1635 0.0099
54 1636 0.006
54 1637 0.0049
54 1638 0.0038
54 1639 0.0031
54 1640 0.0006
54 1641 0.0006
54 1642 0.0005
55 16 0.0448
55 38 0.0647
55 237 0.0002
55 238 0.1635
55 240 0.0001
55 241 0.0365
55 244 0.0003
55 249 0.0516
55 251 0.0082
55 267 0.0003
55 270 0.0086
55 274 0.0062
55 282 0.0166
55 293 0.0152
55 336 0.0004
55 411 0.2998
55 416 0.0017
55 473 0.0045
55 630 0.0001
55 631 0.156
55 636 0.0001
55 744 0.0001
55 782 0.0016
55 837 0.0002
55 840 0.01
55 856 0.0058
55 1049 0.0005
55 1197 0.0002
55 1413 0.01
55 1418 0.0017
55 1419 0.0004
55 1558 0.0192
55 1643 0.0374
55 1644 0.0138
55 1645 0.0065
55 1646 0.0052
55 1647 0.004
55 1648 0.001
55 1649 0.001
55 1650 0.0004
55 1651 0.0003
55 1652 0.0002
55 1653 0.0002
55 1654 0.0002
55 1655 0.0001
55 1656 0.0001
55 1657 0.0001
55 1658 0.0001
55 1659 0.0001
55 1660 0.0001
56 798 0.0155
56 1661 0.0122
56 1662 0.0089
56 5 0.0092
56 16 0.0083
56 21 0.038
56 139 0.0381
56 176 0.0162
56 182 0.1809
56 187 0.0096
56 245 0.005
56 327 0.0196
56 357 0.0153
56 400 0.0059
56 425 0.005
56 454 0.0066
56 462 0.0113
56 467 0.0061
56 549 0.0065
56 553 0.0049
56 657 0.0379
56 660 0.0046
56 676 0.1897
56 1049 0.007
56 1055 0.0336
56 1065 0.0074
56 1069 0.032
56 1082 0.0568
56 1103 0.0117
56 1163 0.005
56 1317 0.0076
56 1318 0.0054
56 1495 0.0063
56 1663 0.0199
56 1664 0.0196
56 1665 0.0175
56 1666 0.0134
56 1667 0.0124
56 1668 0.0116
56 1669 0.009
56 1670 0.0079
56 1671 0.0079
56 1672 0.0077
56 1673 0.007
56 1674 0.007
56 1675 0.0069
56 1676 0.0067
56 1677 0.0065
56 1678 0.0062
56 1679 0.0047
57 52 0.0319
57 62 0.0119
57 75 0.0113
57 153 0.0128
57 159 0.0224
57 366 0.0337
57 368 0.0472
57 571 0.0164
57 702 0.0125
57 1057 0.0224
57 1115 0.0119
57 1378 0.0218
57 1680 0.077
57 1681 0.0546
57 1682 0.0286
57 1683 0.0263
57 1684 0.0251
57 1685 0.0251
57 1686 0.0248
57 1687 0.0233
57 1688 0.023
57 1689 0.0215
57 1690 0.0206
57 1691 0.0203
57 1692 0.0203
57 1693 0.0173
57 1694 0.017
57 1695 0.0167
57 1696 0.0158
57 1697 0.0155
57 1698 0.0155
57 1699 0.0155
57 1700 0.0152
57 1701 0.0146
57 1702 0.0146
57 1703 0.0143
57 1704 0.0143
57 1705 0.014
57 1706 0.014
57 1707 0.0137
57 1708 0.0134
57 1709 0.0131
57 1710 0.0131
57 1711 0.0131
57 1712 0.0128
57 1713 0.0125
57 1714 0.0119
57 1715 0.0116
57 1716 0.0116
57 1717 0.0116
58 14 0.0107
58 112 0.0198
58 145 0.0259
58 161 0.0113
58 176 0.0404
58 195 0.0156
58 210 0.0182
58 219 0.0392
58 368 0.0283
58 389 0.0345
58 554 0.0226
58 568 0.0133
58 582 0.0138
58 664 0.0178
58 677 0.0116
58 1060 0.0691
58 1063 0.013
58 1074 0.0185
58 1197 0.027
58 1381 0.0163
58 1384 0.0274
58 1718 0.0538
58 1719 0.0436
58 1720 0.0376
58 1721 0.0295
58 1722 0.0221
58 1723 0.0215
58 1724 0.0179
58 1725 0.0167
58 1726 0.0165
58 1727 0.015
58 1728 0.015
58 1729 0.0149
58 1730 0.0148
58 1731 0.0145
58 1732 0.013
58 1733 0.0126
58 1734 0.0119
58 1735 0.0118
58 1736 0.0118
58 1737 0.0117
58 1738 0.0117
58 1739 0.0114
58 1740 0.0113
58 1741 0.0112
58 1742 0.0112
58 1743 0.0107
58 1744 0.0107
58 1745 0.0107
58 1746 0.0107
59 0 0.0317
59 3 0.0075
59 13 0.0055
59 14 0.0447
59 19 0.0042
59 21 0.4152
59 24 0.0035
59 30 0.0046
59 103 0.0163
59 122 0.0266
59 131 0.0624
59 136 0.0136
59 138 0.0087
59 139 0.024
59 140 0.0092
59 169 0.0059
59 170 0.005
59 176 0.004
59 183 0.0224
59 187 0.0164
59 259 0.0081
59 328 0.0102
59 483 0.0042
59 816 0.016
59 911 0.0071
59 1023 0.0169
59 1048 0.0057
59 1265 0.0103
59 1334 0.0259
59 1343 0.0083
59 1676 0.0128
59 1747 0.0325
59 1748 0.0175
59 1749 0.0088
59 1750 0.0086
59 1751 0.0067
59 1752 0.0066
59 1753 0.0061
59 1754 0.0059
59 1755 0.0057
59 1756 0.0055
59 1757 0.0053
59 1758 0.0052
59 1759 0.0046
59 1760 0.0044
59 1761 0.0043
59 1762 0.004
59 1763 0.0038
59 1764 0.0037
59 1765 0.0035
60 0 0.0712
60 108 0.0167
60 112 0.0186
60 132 0.0092
60 139 0.0218
60 142 0.01
60 152 0.0082
60 161 0.0161
60 176 0.0215
60 183 0.0191
60 504 0.013
60 512 0.0178
60 564 0.0554
60 654 0.0143
60 656 0.0277
60 657 0.0172
60 685 0.009
60 788 0.0127
60 802 0.051
60 804 0.0089
60 805 0.0487
60 816 0.0103
60 867 0.0119
60 868 0.1393
60 873 0.0233
60 878 0.0154
60 902 0.0084
60 909 0.0105
60 1060 0.0219
60 1070 0.0421
60 1302 0.01
60 1317 0.0076
60 1359 0.0139
60 1372 0.0168
60 1488 0.0187
60 1766 0.0219
60 1767 0.0132
60 1768 0.0132
60 1769 0.0127
60 1770 0.0123
60 1771 0.0123
60 1772 0.0109
60 1773 0.0104
60 1774 0.0096
60 1775 0.0084
60 1776 0.0077
60 1777 0.0077
60 1778 0.0072
60 1779 0.0072
60 1780 0.0071
61 12 0.0104
61 29 0.0235
61 103 0.0102
61 106 0.0394
61 215 0.0126
61 220 0.0156
61 234 0.0231
61 526 0.054
61 551 0.1211
61 937 0.0444
61 1090 0.011
61 1108 0.0111
61 1353 0.0179
61 1387 0.029
61 1574 0.0248
61 1602 0.0193
61 1781 0.0356
61 1782 0.0287
61 1783 0.0248
61 1784 0.0206
61 1785 0.0203
61 1786 0.0195
61 1787 0.019
61 1788 0.0182
61 1789 0.018
61 1790 0.0177
61 1791 0.0177
61 1792 0.0172
61 1793 0.0167
61 1794 0.0162
61 1795 0.0155
61 1796 0.0154
61 1797 0.0154
61 1798 0.0134
61 1799 0.0133
61 1800 0.0131
61 1801 0.0131
61 1802 0.0125
61 1803 0.0121
61 1804 0.012
61 1805 0.0113
61 1806 0.0113
61 1807 0.0111
61 1808 0.0111
61 1809 0.0107
61 1810 0.0105
61 1811 0.0104
61 1812 0.0104
61 1813 0.0101
61 1814 0.01
62 122 0.0053
62 158 0.0216
62 282 0.0112
62 321 0.1657
62 327 0.008
62 413 0.0063
62 414 0.0041
62 422 0.0155
62 425 0.0065
62 438 0.0725
62 439 0.0054
62 447 0.0276
62 448 0.0299
62 490 0.0166
62 752 0.0045
62 755 0.0083
62 763 0.0647
62 797 0.0051
62 855 0.0061
62 1096 0.0067
62 1133 0.0371
62 1148 0.0151
62 1153 0.0452
62 1639 0.0068
62 1815 0.1055
62 1816 0.0448
62 1817 0.0287
62 1818 0.0282
62 1819 0.0274
62 1820 0.023
62 1821 0.0155
62 1822 0.0128
62 1823 0.0123
62 1824 0.0096
62 1825 0.0091
62 1826 0.0084
62 1827 0.0081
62 1828 0.0081
62 1829 0.0069
62 1830 0.0069
62 1831 0.006
62 1832 0.0057
62 1833 0.0056
62 1834 0.0048
62 1835 0.0047
62 1836 0.0046
62 1837 0.0046
62 1838 0.0044
62 1839 0.0043
62 1840 0.0041
63 0 0.033
63 8 0.0133
63 10 0.0219
63 17 0.0166
63 21 0.0472
63 34 0.0322
63 47 0.0112
63 48 0.018
63 49 0.0151
63 822 0.0155
63 828 0.0113
63 943 0.0222
63 944 0.0093
63 947 0.0249
63 948 0.0127
63 951 0.0192
63 956 0.0165
63 963 0.0227
63 964 0.0173
63 969 0.015
63 977 0.0122
63 1024 0.0138
63 1073 0.0145
63 1762 0.0147
63 1799 0.0134
63 1841 0.0794
63 1842 0.0427
63 1843 0.0398
63 1844 0.034
63 1845 0.0287
63 1846 0.026
63 1847 0.0251
63 1848 0.0215
63 1849 0.0207
63 1850 0.0204
63 1851 0.0197
63 1852 0.0173
63 1853 0.0159
63 1854 0.0156
63 1855 0.0139
63 1856 0.0137
63 1857 0.0126
63 1858 0.0124
63 1859 0.0122
63 1860 0.0117
63 1861 0.0116
63 1862 0.0113
63 1863 0.011
63 1864 0.0096
63 1865 0.0092
64 14 0.013
64 16 0.0473
64 38 0.0694
64 188 0.0048
64 206 0.0517
64 232 0.0048
64 234 0.0073
64 237 0.0457
64 238 0.0448
64 239 0.0104
64 241 0.008
64 243 0.0287
64 244 0.3136
64 248 0.0168
64 249 0.0106
64 250 0.0061
64 251 0.0087
64 255 0.0164
64 257 0.0108
64 263 0.0046
64 266 0.003
64 269 0.0034
64 271 0.0108
64 276 0.0064
64 277 0.0053
64 278 0.006
64 279 0.0095
64 281 0.0031
64 298 0.0267
64 315 0.0222
64 415 0.0042
64 416 0.0064
64 418 0.0054
64 434 0.0036
64 477 0.0081
64 481 0.0052
64 493 0.0159
64 651 0.0076
64 861 0.009
64 982 0.0243
64 1338 0.0041
64 1866 0.0177
64 1867 0.0142
64 1868 0.014
64 1869 0.0108
64 1870 0.0098
64 1871 0.0068
64 1872 0.0067
64 1873 0.0033
64 1874 0.003
65 56 0.0131
65 103 0.0435
65 144 0.0304
65 159 0.0362
65 216 0.0139
65 220 0.0185
65 280 0.0169
65 377 0.0109
65 379 0.0135
65 391 0.0135
65 477 0.0118
65 553 0.0163
65 559 0.0233
65 566 0.0106
65 568 0.0132
65 1049 0.0139
65 1583 0.0169
65 1588 0.0495
65 1601 0.0106
65 1875 0.0833
65 1876 0.0337
65 1877 0.0311
65 1878 0.0303
65 1879 0.0251
65 1880 0.0242
65 1881 0.0236
65 1882 0.0231
65 1883 0.0227
65 1884 0.0205
65 1885 0.0186
65 1886 0.0186
65 1887 0.0178
65 1888 0.0175
65 1889 0.0171
65 1890 0.0165
65 1891 0.0162
65 1892 0.0159
65 1893 0.0155
65 1894 0.0152
65 1895 0.0148
65 1896 0.0138
65 1897 0.0133
65 1898 0.0132
65 1899 0.0131
65 1900 0.0127
65 1901 0.0125
65 1902 0.0122
65 1903 0.0108
65 1904 0.0103
65 1905 0.0103
66 112 0.0157
66 122 0.0242
66 139 0.0214
66 156 0.017
66 177 0.0123
66 178 0.0094
66 183 0.0236
66 194 0.0131
66 378 0.0151
66 382 0.008
66 425 0.0283
66 447 0.0103
66 462 0.012
66 467 0.0086
66 486 0.0083
66 564 0.0079
66 657 0.0117
66 659 0.0391
66 704 0.0283
66 802 0.0078
66 804 0.0111
66 816 0.0863
66 998 0.014
66 1041 0.0319
66 1055 0.0069
66 1107 0.0097
66 1335 0.0069
66 1365 0.0365
66 1372 0.0424
66 1386 0.0079
66 1481 0.0511
66 1836 0.0132
66 1906 0.0519
66 1907 0.0489
66 1908 0.033
66 1909 0.0301
66 1910 0.0294
66 1911 0.0244
66 1912 0.0194
66 1913 0.0188
66 1914 0.015
66 1915 0.0146
66 1916 0.0128
66 1917 0.0104
66 1918 0.01
66 1919 0.0094
66 1920 0.0085
66 1921 0.0081
66 1922 0.0081
66 1923 0.0073
67 137 0.0239
67 657 0.022
67 790 0.0182
67 867 0.0434
67 868 0.0444
67 870 0.1205
67 872 0.0114
67 873 0.0062
67 880 0.0188
67 886 0.0439
67 894 0.0304
67 907 0.0149
67 928 0.0063
67 1055 0.0086
67 1064 0.0559
67 1079 0.0073
67 1083 0.0139
67 1202 0.0212
67 1298 0.0059
67 1307 0.0186
67 1308 0.0063
67 1309 0.0107
67 1310 0.008
67 1496 0.0228
67 1924 0.0906
67 1925 0.0348
67 1926 0.0307
67 1927 0.0254
67 1928 0.0202
67 1929 0.0196
67 1930 0.0182
67 1931 0.0162
67 1932 0.0157
67 1933 0.0156
67 1934 0.0127
67 1935 0.0125
67 1936 0.0104
67 1937 0.0093
67 1938 0.0087
67 1939 0.0086
67 1940 0.008
67 1941 0.0076
67 1942 0.0072
67 1943 0.0069
67 1944 0.0067
67 1945 0.0066
67 1946 0.0061
67 1947 0.0061
67 1948 0.006
67 1949 0.0059
68 4 0.0072
68 7 0.0024
68 16 0.0609
68 20 0.0275
68 38 0.0227
68 106 0.0036
68 200 0.0012
68 206 0.0072
68 214 0.0442
68 234 0.0275
68 238 0.0406
68 239 0.0275
68 240 0.0143
68 241 0.0562
68 242 0.0012
68 243 0.0275
68 244 0.0478
68 245 0.0024
68 247 0.0346
68 248 0.0024
68 249 0.0358
68 251 0.0335
68 254 0.0227
68 255 0.0012
68 259 0.0418
68 269 0.0215
68 277 0.0096
68 278 0.0382
68 282 0.0012
68 289 0.0191
68 336 0.0358
68 415 0.0311
68 416 0.0251
68 435 0.0072
68 473 0.0012
68 475 0.0131
68 636 0.0311
68 739 0.0573
68 837 0.0119
68 861 0.0012
68 922 0.0179
68 1783 0.0048
68 1950 0.0275
68 1951 0.0203
68 1952 0.0191
68 1953 0.006
68 1954 0.0024
68 1955 0.0012
68 1956 0.0012
68 1957 0.0012
69 1204 0.0177
69 1010 0.037
69 1662 0.0139
69 0 0.0929
69 17 0.0156
69 31 0.0191
69 40 0.0103
69 104 0.0074
69 106 0.0077
69 178 0.0077
69 391 0.0097
69 483 0.0101
69 549 0.0268
69 570 0.0141
69 674 0.0075
69 799 0.0173
69 825 0.0183
69 936 0.0269
69 945 0.0171
69 947 0.0223
69 948 0.0205
69 951 0.0955
69 1024 0.0264
69 1040 0.0095
69 1256 0.0098
69 1463 0.0094
69 1667 0.0071
69 1674 0.0339
69 1677 0.0153
69 1754 0.0148
69 1853 0.0203
69 1858 0.0102
69 1958 0.0613
69 1959 0.0296
69 1960 0.0263
69 1961 0.025
69 1962 0.0197
69 1963 0.0177
69 1964 0.0156
69 1965 0.0154
69 1966 0.0152
69 1967 0.0151
69 1968 0.0135
69 1969 0.0128
69 1970 0.0124
69 1971 0.0114
69 1972 0.0111
69 1973 0.0095
69 1974 0.0086
69 1975 0.008
70 106 0.0607
70 110 0.0074
70 134 0.0026
70 270 0.0103
70 411 0.0107
70 468 0.0032
70 591 0.0026
70 596 0.0175
70 733 0.0021
70 749 0.0127
70 901 0.0039
70 1065 0.0033
70 1139 0.0035
70 1142 0.0057
70 1976 0.5361
70 1977 0.0748
70 1978 0.0484
70 1979 0.022
70 1980 0.0197
70 1981 0.0174
70 1982 0.0137
70 1983 0.0125
70 1984 0.0087
70 1985 0.0086
70 1986 0.0085
70 1987 0.0053
70 1988 0.0048
70 1989 0.0047
70 1990 0.0042
70 1991 0.004
70 1992 0.004
70 1993 0.0039
70 1994 0.0039
70 1995 0.0037
70 1996 0.0035
70 1997 0.0033
70 1998 0.0033
70 1999 0.0032
70 2000 0.0031
70 2001 0.0031
70 2002 0.0029
70 2003 0.0029
70 2004 0.0028
70 2005 0.0027
70 2006 0.0025
70 2007 0.0025
70 2008 0.0024
70 2009 0.0024
70 2010 0.0023
70 2011 0.0022
71 4 0.0193
71 16 0.0116
71 38 0.0517
71 106 0.0039
71 110 0.0075
71 158 0.0049
71 179 0.0199
71 237 0.0327
71 238 0.0578
71 241 0.0599
71 244 0.0279
71 247 0.0027
71 248 0.0025
71 249 0.0274
71 251 0.016
71 255 0.0586
71 278 0.0054
71 282 0.0368
71 293 0.0039
71 301 0.0047
71 327 0.0329
71 328 0.0076
71 362 0.0024
71 414 0.0066
71 416 0.0194
71 425 0.0035
71 431 0.0123
71 448 0.1189
71 481 0.0032
71 488 0.0081
71 493 0.0055
71 494 0.0206
71 596 0.0144
71 629 0.0835
71 637 0.0293
71 651 0.0674
71 922 0.0027
71 982 0.0076
71 987 0.0236
71 992 0.0113
71 1199 0.0045
71 1412 0.0025
71 1415 0.0046
71 1416 0.0126
71 2012 0.0157
71 2013 0.0072
71 2014 0.0059
71 2015 0.0048
71 2016 0.0041
71 2017 0.0024
72 38 0.0154
72 317 0.0163
72 319 0.0091
72 325 0.0162
72 326 0.0109
72 338 0.0108
72 343 0.0206
72 347 0.0574
72 1820 0.012
72 2018 0.013
72 2019 0.0176
72 2020 0.0126
72 2021 0.0297
72 2022 0.0158
72 1932 0.058
72 2023 0.0719
72 2024 0.0552
72 2025 0.0473
72 2026 0.0348
72 2027 0.0338
72 2028 0.0337
72 2029 0.0296
72 2030 0.0239
72 2031 0.0222
72 2032 0.0216
72 2033 0.0199
72 2034 0.0169
72 2035 0.0161
72 2036 0.0155
72 2037 0.0145
72 2038 0.0144
72 2039 0.0138
72 2040 0.0128
72 2041 0.0127
72 2042 0.0123
72 2043 0.0122
72 2044 0.0121
72 2045 0.0118
72 2046 0.0116
72 2047 0.0115
72 2048 0.0113
72 2049 0.0113
72 2050 0.0108
72 2051 0.0108
72 2052 0.0104
72 2053 0.0102
72 2054 0.0099
72 2055 0.0099
72 2056 0.0091
72 2057 0.009
73 37 0.0086
73 104 0.0052
73 132 0.0041
73 139 0.0062
73 156 0.3471
73 159 0.0033
73 176 0.0437
73 178 0.0177
73 179 0.0065
73 374 0.039
73 380 0.0295
73 382 0.0185
73 488 0.0229
73 497 0.0043
73 540 0.0167
73 637 0.008
73 639 0.0045
73 909 0.0084
73 912 0.0138
73 919 0.0021
73 932 0.0192
73 1192 0.0076
73 1195 0.0021
73 1349 0.0846
73 1473 0.045
73 1476 0.0158
73 1478 0.0126
73 1920 0.0025
73 2058 0.0753
73 2059 0.015
73 2060 0.0146
73 2061 0.0138
73 2062 0.0081
73 2063 0.0066
73 2064 0.0063
73 2065 0.0062
73 2066 0.0061
73 2067 0.0055
73 2068 0.0054
73 2069 0.0053
73 2070 0.005
73 2071 0.0049
73 2072 0.0046
73 2073 0.0037
73 2074 0.0029
73 2075 0.0025
73 2076 0.0022
73 2077 0.0022
73 2078 0.0022
73 2079 0.0021
74 50 0.0106
74 103 0.0109
74 123 0.0102
74 130 0.0152
74 439 0.0103
74 553 0.1121
74 691 0.0727
74 704 0.0238
74 706 0.0086
74 725 0.0123
74 732 0.0101
74 765 0.0209
74 789 0.0094
74 792 0.0109
74 1108 0.0133
74 1175 0.0144
74 1509 0.0139
74 1708 0.0339
74 2080 0.0708
74 2081 0.0337
74 2082 0.031
74 2083 0.0301
74 2084 0.0299
74 2085 0.0284
74 2086 0.0276
74 2087 0.0244
74 2088 0.0224
74 2089 0.0217
74 2090 0.0196
74 2091 0.0187
74 2092 0.0186
74 2093 0.0168
74 2094 0.0154
74 2095 0.0146
74 2096 0.0132
74 2097 0.0127
74 2098 0.0124
74 2099 0.0123
74 2100 0.0119
74 2101 0.0115
74 2102 0.01
74 2103 0.0096
74 2104 0.0094
74 2105 0.0094
74 2106 0.0091
74 2107 0.009
74 2108 0.0085
74 2109 0.0079
74 2110 0.0079
74 2111 0.0077
75 38 0.0008
75 106 0.2621
75 129 0.001
75 177 0.0001
75 190 0.0005
75 200 0.0004
75 206 0.0008
75 234 0.0002
75 237 0.0008
75 238 0.0017
75 240 0.001
75 241 0.0698
75 243 0.0017
75 244 0.0016
75 253 0.3529
75 254 0.0005
75 260 0.0018
75 262 0.0031
75 274 0.0002
75 278 0.0047
75 279 0.0003
75 328 0.0002
75 411 0.0003
75 416 0.0002
75 418 0.0002
75 448 0.0003
75 492 0.0026
75 494 0.1074
75 633 0.0007
75 733 0.0002
75 744 0.0004
75 837 0.1366
75 851 0.0013
75 856 0.0007
75 916 0.0043
75 993 0.0004
75 1407 0.0006
75 1435 0.0004
75 1517 0.0303
75 1642 0.0021
75 2112 0.0013
75 2113 0.0008
75 2114 0.0007
75 2115 0.0006
75 2116 0.0005
75 2117 0.0003
75 2118 0.0002
75 2119 0.0002
75 2120 0.0001
75 2121 0.0001
76 715 0.0007
76 726 0.0254
76 752 0.1211
76 760 0.0291
76 762 0.0007
76 763 0.1424
76 765 0.0526
76 770 0.1401
76 772 0.0028
76 777 0.0004
76 778 0.0152
76 796 0.0143
76 1141 0.0274
76 1149 0.0004
76 1502 0.0107
76 1503 0.0003
76 1508 0.0017
76 1824 0.003
76 2122 0.1665
76 2123 0.07
76 2124 0.0595
76 2125 0.0197
76 2126 0.0186
76 2127 0.0176
76 2128 0.0154
76 2129 0.0117
76 2130 0.0111
76 2131 0.0047
76 2132 0.0019
76 2133 0.0017
76 2134 0.0013
76 2135 0.0013
76 2136 0.0013
76 2137 0.0011
76 2138 0.001
76 2139 0.0008
76 2140 0.0006
76 2141 0.0006
76 2142 0.0006
76 2143 0.0005
76 2144 0.0005
76 2145 0.0005
76 2146 0.0004
76 2147 0.0004
76 2148 0.0004
76 2149 0.0004
76 2150 0.0003
76 2151 0.0003
76 2152 0.0003
76 2153 0.0003
77 225 0.0112
77 227 0.0131
77 1602 0.0103
77 1911 0.0318
77 2154 0.0766
77 2155 0.0466
77 2156 0.0426
77 2157 0.0343
77 2158 0.032
77 2159 0.0302
77 2160 0.0302
77 2161 0.0273
77 2162 0.0269
77 2163 0.0269
77 2164 0.0269
77 2165 0.0249
77 2166 0.0243
77 2167 0.0237
77 2168 0.0234
77 2169 0.0212
77 2170 0.019
77 2171 0.0185
77 2172 0.0183
77 2173 0.0172
77 2174 0.017
77 2175 0.0169
77 2176 0.0168
77 2177 0.0166
77 2178 0.0165
77 2179 0.016
77 2180 0.0156
77 2181 0.0153
77 2182 0.014
77 2183 0.0137
77 2184 0.0134
77 2185 0.0129
77 2186 0.0128
77 2187 0.0127
77 2188 0.0126
77 2189 0.0121
77 2190 0.0114
77 2191 0.0114
77 2192 0.0114
77 2193 0.0112
77 2194 0.011
77 2195 0.0108
77 2196 0.0105
77 2197 0.0102
77 2198 0.0101
77 2199 0.0098
78 103 0.0066
78 362 0.0086
78 369 0.04
78 376 0.01
78 383 0.0995
78 390 0.0164
78 395 0.0066
78 554 0.0082
78 572 0.0559
78 1057 0.008
78 1068 0.0217
78 1090 0.0077
78 1111 0.0102
78 1594 0.0114
78 1700 0.019
78 2200 0.1243
78 2201 0.0669
78 2202 0.0474
78 2203 0.0376
78 2204 0.032
78 2205 0.0279
78 2206 0.0237
78 2207 0.0213
78 2208 0.0183
78 2209 0.0158
78 2210 0.0157
78 2211 0.0153
78 2212 0.0151
78 2213 0.0141
78 2214 0.0141
78 2215 0.0135
78 2216 0.013
78 2217 0.0128
78 2218 0.0122
78 2219 0.0121
78 2220 0.0099
78 2221 0.0096
78 2222 0.009
78 2223 0.0086
78 2224 0.0083
78 2225 0.0079
78 2226 0.0078
78 2227 0.0077
78 2228 0.0077
78 2229 0.0076
78 2230 0.0071
78 2231 0.0067
78 2232 0.0064
78 2233 0.0063
78 2234 0.0063
79 103 0.0291
79 112 0.0399
79 145 0.0153
79 149 0.0113
79 334 0.0197
79 909 0.0193
79 1060 0.0154
79 2235 0.0943
79 2236 0.0387
79 2237 0.0314
79 2238 0.0291
79 2239 0.0279
79 2240 0.0276
79 2241 0.0273
79 2242 0.026
79 2243 0.0259
79 2244 0.0254
79 2245 0.025
79 2246 0.0234
79 2247 0.023
79 2248 0.0223
79 2249 0.0205
79 2250 0.0203
79 2251 0.0194
79 2252 0.0192
79 2253 0.0183
79 2254 0.0179
79 2255 0.0178
79 2256 0.0175
79 2257 0.0173
79 2258 0.0158
79 2259 0.0155
79 2260 0.0135
79 2261 0.0127
79 2262 0.0122
79 2263 0.0119
79 2264 0.0117
79 2265 0.0116
79 2266 0.0115
79 2267 0.0114
79 2268 0.0113
79 2269 0.0111
79 2270 0.0111
79 2271 0.0109
79 2272 0.0108
79 2273 0.0105
79 2274 0.0104
79 2275 0.0104
79 2276 0.0101
79 2277 0.0099
80 866 0.0034
80 112 0.0095
80 125 0.0051
80 147 0.0095
80 169 0.0039
80 467 0.0065
80 520 0.004
80 656 0.0223
80 657 0.0221
80 666 0.0057
80 674 0.0653
80 682 0.0158
80 685 0.0093
80 790 0.0105
80 867 0.0805
80 868 0.0067
80 873 0.0513
80 878 0.0028
80 909 0.0094
80 916 0.004
80 994 0.0076
80 1055 0.0051
80 1133 0.0035
80 1197 0.0598
80 1201 0.0121
80 1202 0.0416
80 1230 0.0033
80 1297 0.0482
80 1310 0.0077
80 1317 0.0073
80 1319 0.0186
80 1328 0.0725
80 1372 0.0051
80 1474 0.0057
80 1633 0.0058
80 1766 0.0092
80 1777 0.0026
80 2278 0.1582
80 2279 0.0584
80 2280 0.0297
80 2281 0.0279
80 2282 0.014
80 2283 0.0129
80 2284 0.0095
80 2285 0.0089
80 2286 0.0045
80 2287 0.0042
80 2288 0.0033
80 2289 0.003
80 2290 0.0024
81 798 0.0233
81 101 0.011
81 130 0.0349
81 139 0.012
81 175 0.0219
81 182 0.0152
81 187 0.0137
81 454 0.0287
81 462 0.0267
81 467 0.0161
81 549 0.0214
81 670 0.0136
81 755 0.0121
81 799 0.015
81 802 0.0253
81 808 0.013
81 809 0.0112
81 873 0.0125
81 912 0.0141
81 932 0.0118
81 1169 0.0316
81 1193 0.0112
81 1202 0.011
81 1369 0.0262
81 1633 0.0108
81 1750 0.022
81 2291 0.0623
81 2292 0.0484
81 2293 0.0447
81 2294 0.0368
81 2295 0.0354
81 2296 0.0273
81 2297 0.0223
81 2298 0.0202
81 2299 0.0194
81 2300 0.0193
81 2301 0.0176
81 2302 0.0161
81 2303 0.0151
81 2304 0.015
81 2305 0.0144
81 2306 0.0142
81 2307 0.0142
81 2308 0.0142
81 2309 0.014
81 2310 0.014
81 2311 0.013
81 2312 0.0123
81 2313 0.0118
81 2314 0.0116
82 139 0.0225
82 178 0.0145
82 321 0.0098
82 327 0.0192
82 400 0.0108
82 438 0.0115
82 450 0.0257
82 464 0.0533
82 466 0.012
82 467 0.0213
82 656 0.0091
82 657 0.0281
82 726 0.0106
82 751 0.0127
82 752 0.0401
82 756 0.0541
82 757 0.0365
82 758 0.0195
82 760 0.0292
82 761 0.061
82 762 0.025
82 770 0.0249
82 772 0.0113
82 773 0.0124
82 777 0.0144
82 786 0.0161
82 788 0.013
82 789 0.0168
82 928 0.0254
82 1149 0.0241
82 1501 0.0106
82 1502 0.0395
82 1518 0.0217
82 1638 0.0096
82 1639 0.0104
82 1824 0.025
82 2080 0.0116
82 2137 0.0095
82 2315 0.027
82 2316 0.0223
82 2317 0.0206
82 2318 0.0153
82 2319 0.0142
82 2320 0.0132
82 2321 0.013
82 2322 0.0118
82 2323 0.0107
82 2324 0.0101
82 2325 0.01
82 2326 0.009
83 16 0.0456
83 110 0.011
83 206 0.0106
83 214 0.0144
83 234 0.0359
83 237 0.0084
83 238 0.0427
83 241 0.0557
83 243 0.0321
83 244 0.0536
83 249 0.0241
83 250 0.0194
83 251 0.0279
83 254 0.008
83 259 0.0384
83 267 0.0198
83 269 0.0177
83 278 0.038
83 281 0.0224
83 289 0.0089
83 298 0.0101
83 406 0.0106
83 407 0.008
83 408 0.0089
83 415 0.0258
83 416 0.0139
83 426 0.0089
83 434 0.0084
83 475 0.0342
83 485 0.0262
83 591 0.0182
83 636 0.0131
83 735 0.0131
83 739 0.0194
83 837 0.0258
83 861 0.0182
83 1401 0.016
83 1409 0.0093
83 1868 0.011
83 1869 0.0131
83 1951 0.008
83 1955 0.0089
83 2327 0.0304
83 2328 0.0249
83 2329 0.0236
83 2330 0.0148
83 2331 0.0135
83 2332 0.0114
83 2333 0.0093
83 2334 0.0084
84 103 0.0028
84 108 0.0494
84 145 0.0142
84 148 0.0066
84 153 0.0399
84 159 0.0114
84 160 0.0332
84 172 0.0047
84 383 0.0323
84 390 0.0133
84 542 0.0038
84 572 0.0266
84 579 0.0085
84 580 0.0028
84 807 0.0522
84 811 0.0038
84 1195 0.0066
84 1695 0.0114
84 1876 0.0038
84 1879 0.0893
84 2214 0.0209
84 2217 0.0484
84 2335 0.0646
84 2336 0.0579
84 2337 0.0503
84 2338 0.0399
84 2339 0.0361
84 2340 0.0275
84 2341 0.0266
84 2342 0.0266
84 2343 0.0228
84 2344 0.0218
84 2345 0.0199
84 2346 0.0133
84 2347 0.0114
84 2348 0.0114
84 2349 0.0085
84 2350 0.0085
84 2351 0.0085
84 2352 0.0076
84 2353 0.0066
84 2354 0.0066
84 2355 0.0057
84 2356 0.0047
84 2357 0.0047
84 2358 0.0047
84 2359 0.0047
84 2360 0.0047
84 2361 0.0038
84 2362 0.0038
85 38 0.019
85 139 0.0121
85 156 0.0156
85 158 0.1189
85 177 0.0173
85 238 0.0089
85 240 0.0288
85 249 0.023
85 251 0.0161
85 267 0.0048
85 270 0.005
85 282 0.0257
85 311 0.0078
85 327 0.0081
85 328 0.0183
85 353 0.0395
85 405 0.0086
85 414 0.0157
85 436 0.0283
85 438 0.0181
85 448 0.0234
85 475 0.0114
85 630 0.0687
85 637 0.0052
85 643 0.0062
85 651 0.0922
85 654 0.023
85 726 0.0078
85 851 0.0085
85 985 0.0053
85 997 0.0305
85 1133 0.0499
85 1136 0.022
85 1139 0.0187
85 1141 0.0158
85 1146 0.016
85 1199 0.005
85 1633 0.0181
85 1634 0.013
85 1816 0.0142
85 2363 0.024
85 2364 0.0156
85 2365 0.0129
85 2366 0.0128
85 2367 0.0094
85 2368 0.0083
85 2369 0.0066
85 2370 0.006
85 2371 0.005
85 2372 0.0049
86 121 0.0117
86 139 0.074
86 176 0.0153
86 179 0.012
86 305 0.0255
86 309 0.0121
86 339 0.0153
86 461 0.0129
86 488 0.0108
86 684 0.0153
86 685 0.0131
86 937 0.0153
86 1073 0.0155
86 1197 0.0183
86 1375 0.0108
86 1387 0.0117
86 2373 0.0572
86 2374 0.044
86 2375 0.0389
86 2376 0.0362
86 2377 0.0352
86 2378 0.0315
86 2379 0.0304
86 2380 0.0297
86 2381 0.0269
86 2382 0.0243
86 2383 0.0219
86 2384 0.021
86 2385 0.0206
86 2386 0.0197
86 2387 0.0175
86 2388 0.017
86 2389 0.0161
86 2390 0.0158
86 2391 0.0157
86 2392 0.0155
86 2393 0.0152
86 2394 0.0136
86 2395 0.0133
86 2396 0.0127
86 2397 0.0125
86 2398 0.0125
86 2399 0.0125
86 2400 0.0124
86 2401 0.0122
86 2402 0.0121
86 2403 0.0118
86 2404 0.0116
86 2405 0.0115
86 2406 0.0112
87 146 0.0311
87 391 0.0178
87 425 0.007
87 549 0.0178
87 581 0.0582
87 807 0.0113
87 815 0.0185
87 1024 0.0197
87 1070 0.0105
87 1119 0.0087
87 1156 0.0104
87 1174 0.0113
87 1252 0.0119
87 1465 0.0236
87 1495 0.0139
87 1841 0.019
87 1852 0.0101
87 1853 0.0574
87 1958 0.1281
87 1962 0.0344
87 1969 0.0287
87 1974 0.0106
87 1975 0.0087
87 2407 0.0605
87 2408 0.0297
87 2409 0.0283
87 2410 0.0224
87 2411 0.0195
87 2412 0.0193
87 2413 0.019
87 2414 0.0172
87 2415 0.0168
87 2416 0.0157
87 2417 0.0147
87 2418 0.0143
87 2419 0.0142
87 2420 0.0138
87 2421 0.0134
87 2422 0.0128
87 2423 0.0127
87 2424 0.0117
87 2425 0.0103
87 2426 0.0094
87 2427 0.0088
87 2428 0.0086
87 2429 0.0082
87 2430 0.0079
87 2431 0.0078
87 2432 0.0073
87 2433 0.0071
88 16 0.0058
88 38 0.0198
88 237 0.007
88 238 0.0093
88 239 0.007
88 244 0.0058
88 245 0.0093
88 249 0.0058
88 250 0.0058
88 251 0.007
88 255 0.0233
88 259 0.0105
88 277 0.0105
88 336 0.014
88 414 0.0128
88 416 0.0151
88 425 0.0081
88 476 0.0105
88 631 0.0058
88 855 0.0105
88 1196 0.0151
88 1310 0.0105
88 1317 0.0326
88 1647 0.0116
88 1650 0.0058
88 1941 0.021
88 2023 0.0163
88 2038 0.0163
88 2434 0.3562
88 2435 0.0838
88 2436 0.0407
88 2437 0.0221
88 2438 0.0221
88 2439 0.0163
88 2440 0.0116
88 2441 0.0105
88 2442 0.0105
88 2443 0.0093
88 2444 0.0093
88 2445 0.0081
88 2446 0.0081
88 2447 0.0081
88 2448 0.0081
88 2449 0.007
88 2450 0.0058
88 2451 0.0058
88 2452 0.0058
88 2453 0.0058
88 2454 0.0058
88 2455 0.0058
89 8 0.0081
89 21 0.0106
89 25 0.0066
89 37 0.0515
89 103 0.0327
89 108 0.0136
89 148 0.1004
89 152 0.1378
89 159 0.0053
89 166 0.0146
89 171 0.0123
89 176 0.0109
89 280 0.005
89 368 0.0087
89 374 0.0295
89 377 0.005
89 379 0.096
89 383 0.0174
89 390 0.0071
89 391 0.0067
89 483 0.0441
89 549 0.0094
89 562 0.0245
89 570 0.0209
89 806 0.0128
89 807 0.0124
89 1040 0.0052
89 1049 0.0221
89 1057 0.0117
89 1058 0.0063
89 1465 0.0476
89 1886 0.0058
89 1889 0.0437
89 1890 0.0057
89 1896 0.0115
89 2076 0.0233
89 2361 0.0139
89 2456 0.0137
89 2457 0.0118
89 2458 0.0093
89 2459 0.0084
89 2460 0.0074
89 2461 0.0069
89 2462 0.0068
89 2463 0.0067
89 2464 0.0063
89 2465 0.0063
89 2466 0.0059
89 2467 0.005
89 2468 0.0047
90 4 0.0141
90 16 0.0133
90 38 0.0342
90 106 0.0027
90 206 0.011
90 237 0.065
90 238 0.0445
90 240 0.0099
90 241 0.0095
90 244 0.0407
90 247 0.0094
90 248 0.0024
90 249 0.0195
90 251 0.016
90 255 0.0025
90 259 0.0039
90 263 0.0051
90 266 0.0024
90 270 0.0148
90 278 0.0312
90 282 0.0071
90 293 0.0321
90 298 0.0055
90 411 0.023
90 416 0.0525
90 436 0.0035
90 448 0.012
90 475 0.0063
90 478 0.0031
90 492 0.0052
90 493 0.0128
90 629 0.1966
90 631 0.0062
90 636 0.0497
90 639 0.0089
90 651 0.0463
90 654 0.0029
90 744 0.025
90 982 0.0033
90 987 0.0209
90 2074 0.0029
90 2469 0.034
90 2470 0.0285
90 2471 0.0186
90 2472 0.0138
90 2473 0.008
90 2474 0.0073
90 2475 0.0058
90 2476 0.0035
90 2477 0.0023
91 0 0.0601
91 16 0.0677
91 17 0.0353
91 26 0.0095
91 34 0.0153
91 48 0.0114
91 49 0.0124
91 141 0.0191
91 142 0.0162
91 164 0.02
91 169 0.0095
91 237 0.0133
91 238 0.0143
91 244 0.0248
91 259 0.0105
91 265 0.0315
91 281 0.0324
91 298 0.0296
91 461 0.0095
91 488 0.021
91 902 0.0162
91 916 0.0267
91 932 0.0105
91 949 0.0257
91 1027 0.0133
91 1424 0.0381
91 1517 0.0162
91 1783 0.0124
91 2120 0.0105
91 2478 0.0419
91 2479 0.0343
91 2480 0.0324
91 2481 0.0296
91 2482 0.0238
91 2483 0.0191
91 2484 0.0162
91 2485 0.0153
91 2486 0.0153
91 2487 0.0133
91 2488 0.0133
91 2489 0.0133
91 2490 0.0133
91 2491 0.0133
91 2492 0.0114
91 2493 0.0114
91 2494 0.0105
91 2495 0.0105
91 2496 0.0095
91 2497 0.0095
91 2498 0.0095
92 103 0.0068
92 139 0.0055
92 148 0.0062
92 156 0.0126
92 159 0.0093
92 166 0.0623
92 174 0.0154
92 368 0.006
92 369 0.0167
92 382 0.0064
92 442 0.0107
92 582 0.0058
92 702 0.049
92 726 0.0092
92 752 0.0088
92 763 0.026
92 792 0.0079
92 870 0.0067
92 1041 0.0072
92 1115 0.0058
92 1821 0.0088
92 1892 0.0122
92 1909 0.0061
92 2087 0.0478
92 2204 0.0181
92 2210 0.0139
92 2366 0.0107
92 2499 0.0832
92 2500 0.0725
92 2501 0.0665
92 2502 0.0639
92 2503 0.0488
92 2504 0.032
92 2505 0.0286
92 2506 0.0262
92 2507 0.0261
92 2508 0.0252
92 2509 0.021
92 2510 0.0191
92 2511 0.014
92 2512 0.0106
92 2513 0.0098
92 2514 0.0084
92 2515 0.0074
92 2516 0.0066
92 2517 0.0065
92 2518 0.0056
92 2519 0.0055
92 2520 0.0055
92 2521 0.0052
93 1441 0.0102
93 4 0.0117
93 14 0.0035
93 16 0.0134
93 37 0.0066
93 38 0.0263
93 104 0.004
93 106 0.0078
93 110 0.0044
93 176 0.0334
93 179 0.0041
93 237 0.0208
93 238 0.2944
93 241 0.0331
93 242 0.0052
93 244 0.0042
93 248 0.0042
93 249 0.0321
93 255 0.0658
93 267 0.1154
93 269 0.0114
93 273 0.0064
93 277 0.0158
93 282 0.0035
93 298 0.0084
93 328 0.0071
93 411 0.0118
93 416 0.018
93 473 0.0296
93 475 0.0147
93 484 0.0059
93 629 0.0035
93 651 0.0183
93 683 0.004
93 685 0.0059
93 735 0.0055
93 737 0.015
93 816 0.0042
93 851 0.006
93 867 0.0088
93 909 0.0223
93 1202 0.006
93 1372 0.0035
93 1952 0.0071
93 1957 0.0194
93 2522 0.0153
93 2523 0.0074
93 2524 0.0068
93 2525 0.004
93 2526 0.0038
94 14 0.028
94 15 0.0132
94 19 0.0262
94 21 0.374
94 30 0.0046
94 38 0.0028
94 103 0.014
94 106 0.0082
94 108 0.0037
94 122 0.1019
94 139 0.0099
94 153 0.0032
94 159 0.0102
94 177 0.0204
94 178 0.0831
94 183 0.0099
94 187 0.0041
94 327 0.004
94 368 0.0063
94 369 0.0068
94 374 0.0035
94 393 0.008
94 454 0.0201
94 483 0.0027
94 653 0.0073
94 659 0.0065
94 704 0.0522
94 909 0.0057
94 1023 0.0142
94 1026 0.008
94 1050 0.0052
94 1055 0.0025
94 1338 0.0049
94 1343 0.0036
94 1349 0.0029
94 1356 0.003
94 1359 0.017
94 1676 0.0355
94 1915 0.0044
94 1946 0.003
94 2058 0.0046
94 2068 0.0027
94 2074 0.0112
94 2509 0.0046
94 2527 0.0119
94 2528 0.0049
94 2529 0.0047
94 2530 0.0042
94 2531 0.0038
94 2532 0.0027
95 14 0.0187
95 103 0.0087
95 104 0.026
95 106 0.0095
95 108 0.0191
95 120 0.0269
95 148 0.0149
95 152 0.0332
95 164 0.0126
95 170 0.0093
95 176 0.0082
95 177 0.0341
95 178 0.0384
95 227 0.007
95 247 0.0118
95 280 0.0118
95 379 0.1399
95 461 0.0157
95 488 0.0131
95 568 0.042
95 662 0.012
95 665 0.0126
95 799 0.0252
95 805 0.0142
95 807 0.0072
95 811 0.0095
95 1073 0.0125
95 1334 0.0158
95 1335 0.0192
95 1343 0.0094
95 1349 0.0128
95 1594 0.0088
95 1600 0.007
95 1890 0.0132
95 2425 0.0062
95 2427 0.0074
95 2457 0.1336
95 2459 0.007
95 2507 0.0109
95 2533 0.0325
95 2534 0.0314
95 2535 0.0222
95 2536 0.0147
95 2537 0.0111
95 2538 0.0103
95 2539 0.0068
95 2540 0.0066
95 2541 0.0065
95 2542 0.0064
95 2543 0.0064
96 316 0.026
96 5 0.0074
96 158 0.0267
96 169 0.004
96 175 0.0286
96 176 0.0105
96 182 0.0096
96 183 0.0127
96 273 0.0016
96 327 0.0174
96 362 0.0325
96 420 0.0047
96 431 0.0014
96 443 0.0044
96 448 0.0138
96 450 0.0213
96 487 0.024
96 490 0.0029
96 631 0.0013
96 637 0.0015
96 657 0.3022
96 715 0.0021
96 726 0.0117
96 763 0.0257
96 777 0.002
96 932 0.0079
96 991 0.0109
96 995 0.0104
96 997 0.0726
96 1073 0.0039
96 1133 0.0261
96 1139 0.0043
96 1141 0.0429
96 1192 0.002
96 1199 0.0013
96 1474 0.0041
96 1631 0.0086
96 1632 0.0054
96 1633 0.0575
96 1816 0.075
96 2019 0.0223
96 2544 0.0016
96 2147 0.0071
96 2545 0.0253
96 2546 0.0046
96 2547 0.0034
96 2548 0.0024
96 2549 0.0015
96 2550 0.0015
96 2551 0.0014
97 139 0.009
97 141 0.0196
97 146 0.1116
97 147 0.0099
97 148 0.0144
97 151 0.0409
97 154 0.0135
97 161 0.0243
97 176 0.0813
97 179 0.0141
97 220 0.0069
97 384 0.0185
97 461 0.0072
97 530 0.0099
97 552 0.0132
97 567 0.0134
97 678 0.0068
97 683 0.0072
97 932 0.0113
97 936 0.0119
97 1337 0.0077
97 1479 0.0087
97 1594 0.0112
97 1821 0.0109
97 1844 0.0124
97 1852 0.0195
97 1864 0.0909
97 2202 0.0071
97 2361 0.0246
97 2381 0.031
97 2552 0.067
97 2553 0.038
97 2554 0.0372
97 2555 0.026
97 2556 0.0204
97 2557 0.0135
97 2558 0.0131
97 2559 0.0129
97 2560 0.0117
97 2561 0.0114
97 2562 0.0097
97 2563 0.009
97 2564 0.0089
97 2565 0.0085
97 2566 0.0078
97 2567 0.0076
97 2568 0.0074
97 2569 0.007
97 2570 0.0069
97 2571 0.0069
98 2 0.0082
98 13 0.0127
98 14 0.012
98 21 0.3923
98 24 0.0149
98 38 0.0156
98 103 0.038
98 108 0.0104
98 115 0.0052
98 131 0.0043
98 139 0.0082
98 147 0.0061
98 156 0.0097
98 176 0.0057
98 177 0.0052
98 187 0.0045
98 199 0.0308
98 327 0.0041
98 339 0.0072
98 375 0.0093
98 425 0.0172
98 488 0.0138
98 549 0.0068
98 665 0.0097
98 825 0.034
98 909 0.0054
98 913 0.0152
98 919 0.0063
98 951 0.0134
98 1024 0.0324
98 1055 0.01
98 1060 0.005
98 1072 0.0156
98 1073 0.0174
98 1075 0.0326
98 1081 0.0342
98 1347 0.0082
98 1452 0.0183
98 1676 0.0052
98 1849 0.0079
98 2184 0.0048
98 2276 0.0115
98 2572 0.0274
98 2573 0.0082
98 2574 0.0079
98 2575 0.007
98 2576 0.0063
98 2577 0.005
98 2578 0.0045
98 2579 0.0043
99 38 0.0286
99 137 0.0174
99 141 0.0498
99 178 0.0089
99 179 0.0133
99 183 0.0114
99 238 0.0425
99 273 0.0122
99 328 0.0109
99 333 0.0106
99 375 0.0088
99 414 0.0114
99 448 0.0212
99 450 0.0098
99 454 0.0121
99 630 0.0091
99 637 0.0163
99 643 0.0175
99 655 0.0239
99 878 0.0105
99 916 0.0097
99 988 0.0131
99 991 0.0169
99 993 0.0121
99 994 0.0502
99 995 0.0364
99 1070 0.022
99 1138 0.0092
99 1154 0.0111
99 1202 0.0503
99 1230 0.0398
99 1372 0.0097
99 1476 0.0091
99 2580 0.0355
99 2565 0.0149
99 2581 0.0668
99 2582 0.0293
99 2583 0.0276
99 2584 0.0242
99 2585 0.0206
99 2586 0.0198
99 2587 0.0196
99 2588 0.0168
99 2589 0.016
99 2590 0.0157
99 2591 0.0156
99 2592 0.0145
99 2593 0.0093
99 2594 0.0093
99 2595 0.0087
100 553 0.0427
100 566 0.0338
100 691 0.0347
100 695 0.0338
100 700 0.0134
100 702 0.0138
100 703 0.0187
100 719 0.0203
100 725 0.0224
100 1175 0.062
100 1383 0.0108
100 1708 0.0213
100 1877 0.021
100 1901 0.0183
100 2083 0.0287
100 2095 0.0092
100 2098 0.0269
100 2102 0.0172
100 2111 0.0234
100 2433 0.0107
100 2596 0.0512
100 2597 0.0365
100 2598 0.0336
100 2599 0.0308
100 2600 0.03
100 2601 0.0269
100 2602 0.0245
100 2603 0.02
100 2604 0.0196
100 2605 0.0183
100 2606 0.0152
100 2607 0.0136
100 2608 0.0136
100 2609 0.0126
100 2610 0.0125
100 2611 0.0121
100 2612 0.0117
100 2613 0.0115
100 2614 0.011
100 2615 0.0109
100 2616 0.0108
100 2617 0.0106
100 2618 0.0106
100 2619 0.0104
100 2620 0.0102
100 2621 0.01
100 2622 0.01
100 2623 0.0096
100 2624 0.0095
100 2625 0.0091
